5002.00077250    0.00000933    0.00001000    0.00001000    0.00000800
5043.66743917    0.00001233    0.00001300    0.00001200    0.00001200
5085.33410583    0.00001233    0.00001200    0.00001200    0.00001300
5127.00077250    0.00001467    0.00001300    0.00001600    0.00001500
5168.66743917    0.00001700    0.00001500    0.00002000    0.00001600
5210.33410583    0.00002100    0.00002100    0.00002000    0.00002200
5252.00077250    0.00002133    0.00002100    0.00002200    0.00002100
5293.66743917    0.00002467    0.00002200    0.00002500    0.00002700
5335.33410583    0.00002967    0.00002700    0.00003100    0.00003100
5377.00077250    0.00003333    0.00003300    0.00003500    0.00003200
5418.66743917    0.00003867    0.00004000    0.00003800    0.00003800
5460.33410583    0.00004233    0.00004100    0.00004300    0.00004300
5502.00077250    0.00005200    0.00005300    0.00005100    0.00005200
5543.66743917    0.00005700    0.00005700    0.00005700    0.00005700
5585.33410583    0.00006433    0.00006300    0.00006500    0.00006500
5627.00077250    0.00007233    0.00007100    0.00007500    0.00007100
5668.66743917    0.00008133    0.00008100    0.00008200    0.00008100
5710.33410583    0.00009300    0.00009300    0.00009300    0.00009300
5752.00077250    0.00010067    0.00010100    0.00010100    0.00010000
5793.66743917    0.00011367    0.00011300    0.00011300    0.00011500
5835.33410583    0.00012600    0.00012600    0.00012600    0.00012600
5877.00077250    0.00014233    0.00014300    0.00014100    0.00014300
5918.66743917    0.00015900    0.00015800    0.00016200    0.00015700
5960.33410583    0.00017433    0.00017500    0.00017600    0.00017200
6002.00077250    0.00019567    0.00019500    0.00019500    0.00019700
