6007.99922750    0.00019767    0.00019600    0.00019600    0.00020100
6049.66589417    0.00021433    0.00021200    0.00021600    0.00021500
6091.33256083    0.00023900    0.00024000    0.00023700    0.00024000
6234.33758208    0.00025867    0.00025700    0.00026200    0.00025700
6234.33758208    0.00028367    0.00028100    0.00028300    0.00028700
6234.33758208    0.00031033    0.00030800    0.00031300    0.00031000
6234.33758208    0.00033667    0.00033200    0.00033800    0.00034000
6299.66589417    0.00037467    0.00037600    0.00037200    0.00037600
6341.33256083    0.00040100    0.00040000    0.00040100    0.00040200
6382.99922750    0.00043900    0.00043700    0.00044200    0.00043800
6424.66589417    0.00048200    0.00048300    0.00048300    0.00048000
6466.33256083    0.00051333    0.00051300    0.00051500    0.00051200
6507.99922750    0.00052467    0.00052600    0.00052300    0.00052500
6549.66589417    0.00053800    0.00053600    0.00054200    0.00053600
6591.33256083    0.00055733    0.00055800    0.00055700    0.00055700
6632.99922750    0.00057933    0.00057700    0.00058000    0.00058100
6674.66589417    0.00059967    0.00060100    0.00060000    0.00059800
6716.33256083    0.00062867    0.00063000    0.00063000    0.00062600
6757.99922750    0.00066000    0.00065800    0.00066100    0.00066100
6799.66589417    0.00069633    0.00069500    0.00069600    0.00069800
6841.33256083    0.00073600    0.00073800    0.00073800    0.00073200
6882.99922750    0.00078567    0.00078200    0.00078800    0.00078700
6924.66589417    0.00083500    0.00083700    0.00083200    0.00083600
6966.33256083    0.00089033    0.00089100    0.00088800    0.00089200
7007.99922750    0.00095500    0.00095600    0.00095600    0.00095300
