8170.00000000    -0.00000100    -0.00000080    -0.00000120    -0.00000100
8170.31093086    -0.00000147    -0.00000130    -0.00000160    -0.00000150
8170.61993048    -0.00000113    -0.00000100    -0.00000120    -0.00000120
8170.93086134    -0.00000130    -0.00000130    -0.00000130    -0.00000130
8171.23986095    -0.00000103    -0.00000150    -0.00000080    -0.00000080
8171.55079181    -0.00000147    -0.00000180    -0.00000100    -0.00000160
8171.85979143    -0.00000107    -0.00000100    -0.00000100    -0.00000120
8172.17072229    -0.00000093    -0.00000100    -0.00000100    -0.00000080
8172.47972190    -0.00000137    -0.00000160    -0.00000120    -0.00000130
8172.79065276    -0.00000150    -0.00000130    -0.00000160    -0.00000160
8173.10158362    -0.00000073    -0.00000080    -0.00000080    -0.00000060
8173.41058324    -0.00000137    -0.00000130    -0.00000130    -0.00000150
8173.72151410    -0.00000140    -0.00000100    -0.00000160    -0.00000160
8174.03051371    -0.00000157    -0.00000160    -0.00000160    -0.00000150
8174.34144457    -0.00000133    -0.00000150    -0.00000130    -0.00000120
8174.65044419    -0.00000117    -0.00000130    -0.00000120    -0.00000100
8174.96137505    -0.00000127    -0.00000130    -0.00000130    -0.00000120
8175.27037466    -0.00000157    -0.00000160    -0.00000150    -0.00000160
8175.58130552    -0.00000117    -0.00000120    -0.00000130    -0.00000100
8175.89223638    -0.00000110    -0.00000100    -0.00000100    -0.00000130
8176.20123600    -0.00000137    -0.00000130    -0.00000130    -0.00000150
8176.51216686    -0.00000150    -0.00000150    -0.00000150    -0.00000150
8176.82116647    -0.00000130    -0.00000100    -0.00000130    -0.00000160
8177.13209733    -0.00000090    -0.00000080    -0.00000070    -0.00000120
8177.44109695    -0.00000133    -0.00000150    -0.00000130    -0.00000120
8177.75202781    -0.00000130    -0.00000120    -0.00000150    -0.00000120
8178.06295867    -0.00000137    -0.00000150    -0.00000130    -0.00000130
8178.37195829    -0.00000103    -0.00000130    -0.00000080    -0.00000100
8178.68288915    -0.00000150    -0.00000160    -0.00000160    -0.00000130
8178.99188876    -0.00000110    -0.00000130    -0.00000100    -0.00000100
8179.30281962    -0.00000123    -0.00000130    -0.00000120    -0.00000120
8179.61181924    -0.00000080    -0.00000100    -0.00000070    -0.00000070
8179.92275010    -0.00000127    -0.00000120    -0.00000130    -0.00000130
8180.23174971    -0.00000127    -0.00000130    -0.00000100    -0.00000150
8180.54268057    -0.00000097    -0.00000080    -0.00000080    -0.00000130
8180.85361143    -0.00000147    -0.00000130    -0.00000160    -0.00000150
8181.16261105    -0.00000090    -0.00000080    -0.00000070    -0.00000120
8181.47354191    -0.00000147    -0.00000120    -0.00000160    -0.00000160
8181.78254152    -0.00000067    -0.00000060    -0.00000060    -0.00000080
8182.09347238    -0.00000107    -0.00000100    -0.00000100    -0.00000120
8182.40247200    -0.00000057    -0.00000070    -0.00000030    -0.00000070
8182.71340286    -0.00000020    -0.00000030    -0.00000020    -0.00000010
8183.02240247    0.00000243    0.00000210    0.00000260    0.00000260
8183.33333333    0.00000880    0.00000830    0.00000880    0.00000930
8183.64426419    0.00002303    0.00002180    0.00002320    0.00002410
8183.95326381    0.00004147    0.00004010    0.00004200    0.00004230
8184.26419467    0.00006203    0.00006000    0.00006250    0.00006360
8184.57319428    0.00007980    0.00007870    0.00007970    0.00008100
8184.88412514    0.00009260    0.00009230    0.00009250    0.00009300
8185.19312476    0.00010150    0.00010170    0.00010160    0.00010120
8185.50405562    0.00010453    0.00010430    0.00010430    0.00010500
8185.81305523    0.00010110    0.00010130    0.00010170    0.00010030
8186.12398610    0.00008713    0.00008860    0.00008670    0.00008610
8186.43491696    0.00006667    0.00006820    0.00006630    0.00006550
8186.74391657    0.00004323    0.00004500    0.00004270    0.00004200
8187.05484743    0.00002213    0.00002380    0.00002180    0.00002080
8187.36384705    0.00000947    0.00001010    0.00000930    0.00000900
8187.67477791    0.00000330    0.00000370    0.00000310    0.00000310
8187.98377752    0.00000083    0.00000100    0.00000080    0.00000070
8188.29470838    0.00000003    0.00000020    0.00000010    -0.00000020
8188.60370800    -0.00000050    -0.00000020    -0.00000060    -0.00000070
8188.91463886    -0.00000047    -0.00000080    -0.00000030    -0.00000030
8189.22556972    -0.00000120    -0.00000160    -0.00000130    -0.00000070
8189.53456933    -0.00000137    -0.00000130    -0.00000130    -0.00000150
8189.84550019    -0.00000103    -0.00000070    -0.00000120    -0.00000120
8190.15449981    -0.00000100    -0.00000100    -0.00000130    -0.00000070
8190.46543067    -0.00000127    -0.00000150    -0.00000130    -0.00000100
8190.77443028    -0.00000100    -0.00000080    -0.00000120    -0.00000100
8191.08536114    -0.00000123    -0.00000120    -0.00000150    -0.00000100
8191.39629200    -0.00000123    -0.00000100    -0.00000150    -0.00000120
8191.70529162    -0.00000073    -0.00000070    -0.00000080    -0.00000070
8192.01622248    -0.00000117    -0.00000130    -0.00000100    -0.00000120
8192.32522209    -0.00000100    -0.00000080    -0.00000120    -0.00000100
8192.63615295    -0.00000090    -0.00000100    -0.00000100    -0.00000070
8192.94515257    -0.00000053    -0.00000030    -0.00000070    -0.00000060
8193.25608343    0.00000067    0.00000060    0.00000070    0.00000070
8193.56508304    0.00000347    0.00000310    0.00000330    0.00000400
8193.87601390    0.00001213    0.00001160    0.00001210    0.00001270
8194.18694477    0.00002860    0.00002710    0.00002900    0.00002970
8194.49594438    0.00005390    0.00005170    0.00005420    0.00005580
8194.80687524    0.00008280    0.00008100    0.00008310    0.00008430
8195.11587486    0.00010913    0.00010730    0.00011000    0.00011010
8195.42680572    0.00012960    0.00012850    0.00012980    0.00013050
8195.73580533    0.00014297    0.00014230    0.00014330    0.00014330
8196.04673619    0.00014940    0.00014960    0.00014960    0.00014900
8196.35573581    0.00014637    0.00014650    0.00014650    0.00014610
8196.66666667    0.00012820    0.00012980    0.00012730    0.00012750
8196.97759753    0.00009803    0.00010000    0.00009750    0.00009660
8197.28659714    0.00006493    0.00006760    0.00006420    0.00006300
8197.59752800    0.00003567    0.00003710    0.00003560    0.00003430
8197.90652762    0.00001760    0.00001830    0.00001770    0.00001680
8198.21745848    0.00000693    0.00000770    0.00000680    0.00000630
8198.52645809    0.00000260    0.00000270    0.00000250    0.00000260
8198.83738895    0.00000033    0.00000070    0.00000010    0.00000020
8199.14638857    0.00000010    0.00000010    0.00000010    0.00000010
8199.45731943    -0.00000050    -0.00000030    -0.00000060    -0.00000060
8199.76825029    -0.00000080    -0.00000080    -0.00000080    -0.00000080
8200.07724990    -0.00000093    -0.00000100    -0.00000100    -0.00000080
8200.38818076    -0.00000100    -0.00000100    -0.00000080    -0.00000120
8200.69718038    -0.00000120    -0.00000100    -0.00000130    -0.00000130
8201.00811124    -0.00000093    -0.00000080    -0.00000120    -0.00000080
8201.31711085    -0.00000137    -0.00000150    -0.00000130    -0.00000130
8201.62804171    -0.00000100    -0.00000100    -0.00000100    -0.00000100
8201.93704133    -0.00000130    -0.00000130    -0.00000130    -0.00000130
8202.24797219    -0.00000110    -0.00000100    -0.00000150    -0.00000080
8202.55890305    -0.00000130    -0.00000130    -0.00000130    -0.00000130
8202.86790267    -0.00000103    -0.00000120    -0.00000070    -0.00000120
8203.17883353    -0.00000117    -0.00000100    -0.00000150    -0.00000100
8203.48783314    -0.00000113    -0.00000080    -0.00000130    -0.00000130
8203.79876400    -0.00000090    -0.00000070    -0.00000100    -0.00000100
8204.10776362    -0.00000137    -0.00000130    -0.00000150    -0.00000130
8204.41869448    -0.00000123    -0.00000120    -0.00000130    -0.00000120
8204.72962534    -0.00000097    -0.00000100    -0.00000120    -0.00000070
8205.03862495    -0.00000137    -0.00000130    -0.00000130    -0.00000150
8205.34955581    -0.00000153    -0.00000130    -0.00000180    -0.00000150
8205.65855543    -0.00000127    -0.00000100    -0.00000120    -0.00000160
8205.96948629    -0.00000113    -0.00000100    -0.00000120    -0.00000120
8206.27848590    -0.00000117    -0.00000130    -0.00000100    -0.00000120
8206.58941676    -0.00000123    -0.00000130    -0.00000120    -0.00000120
8206.89841638    -0.00000140    -0.00000120    -0.00000120    -0.00000180
8207.20934724    -0.00000080    -0.00000060    -0.00000080    -0.00000100
8207.52027810    -0.00000110    -0.00000100    -0.00000130    -0.00000100
8207.82927771    -0.00000120    -0.00000100    -0.00000130    -0.00000130
8208.14020857    -0.00000097    -0.00000130    -0.00000060    -0.00000100
8208.44920819    -0.00000137    -0.00000100    -0.00000160    -0.00000150
8208.76013905    -0.00000133    -0.00000120    -0.00000160    -0.00000120
8209.06913866    -0.00000123    -0.00000150    -0.00000120    -0.00000100
8209.38006952    -0.00000140    -0.00000160    -0.00000130    -0.00000130
8209.68906914    -0.00000143    -0.00000130    -0.00000120    -0.00000180
8210.00000000    -0.00000093    -0.00000080    -0.00000100    -0.00000100
