5880.00000000    0.00000100    0.00000100    0.00000100    0.00000100
5880.30320587    0.00000133    0.00000100    0.00000200    0.00000100
5880.60641174    0.00000100    0.00000100    0.00000100    0.00000100
5880.90961761    0.00000100    0.00000100    0.00000100    0.00000100
5881.21282348    0.00000100    0.00000100    0.00000100    0.00000100
5881.51602935    0.00000133    0.00000200    0.00000100    0.00000100
5881.81730398    0.00000100    0.00000100    0.00000100    0.00000100
5882.12050985    0.00000100    0.00000100    0.00000100    0.00000100
5882.42371572    0.00000200    0.00000200    0.00000200    0.00000200
5882.72692159    0.00000133    0.00000200    0.00000100    0.00000100
5883.03012746    0.00000200    0.00000200    0.00000200    0.00000200
5883.33333333    0.00000200    0.00000200    0.00000200    0.00000200
5883.63653920    0.00000200    0.00000200    0.00000200    0.00000200
5883.93974508    0.00000200    0.00000200    0.00000200    0.00000200
5884.24295095    0.00000200    0.00000200    0.00000200    0.00000200
5884.54615682    0.00000200    0.00000200    0.00000200    0.00000200
5884.84936269    0.00000200    0.00000200    0.00000200    0.00000200
5885.15063731    0.00000300    0.00000300    0.00000300    0.00000300
5885.45384318    0.00000300    0.00000300    0.00000300    0.00000300
5885.75704905    0.00000400    0.00000300    0.00000300    0.00000600
5886.06025492    0.00000600    0.00000600    0.00000600    0.00000600
5886.36346080    0.00000600    0.00000600    0.00000600    0.00000600
5886.66666667    0.00000600    0.00000600    0.00000600    0.00000600
5886.96987254    0.00000700    0.00000700    0.00000700    0.00000700
5887.27307841    0.00000733    0.00000700    0.00000800    0.00000700
5887.57628428    0.00000800    0.00000800    0.00000800    0.00000800
5887.87949015    0.00001000    0.00001000    0.00001000    0.00001000
5888.18269602    0.00001200    0.00001200    0.00001200    0.00001200
5888.48397065    0.00001300    0.00001300    0.00001300    0.00001300
5888.78717652    0.00001600    0.00001600    0.00001600    0.00001600
5889.09038239    0.00002000    0.00002000    0.00002000    0.00002000
5889.39358826    0.00002600    0.00002600    0.00002600    0.00002600
5889.69679413    0.00004067    0.00003800    0.00004100    0.00004300
5890.00000000    0.00009633    0.00009000    0.00009700    0.00010200
5890.30320587    0.00024300    0.00023100    0.00024600    0.00025200
5890.60641174    0.00047600    0.00045600    0.00048000    0.00049200
5890.90961761    0.00074833    0.00072600    0.00075200    0.00076700
5891.21282348    0.00106633    0.00104200    0.00107200    0.00108500
5891.51602935    0.00132100    0.00130500    0.00132500    0.00133300
5891.81730398    0.00151600    0.00150000    0.00151800    0.00153000
5892.12050985    0.00168200    0.00166800    0.00168600    0.00169200
5892.42371572    0.00177333    0.00177200    0.00177300    0.00177500
5892.72692159    0.00184233    0.00183700    0.00184300    0.00184700
5893.03012746    0.00190433    0.00189800    0.00190500    0.00191000
5893.33333333    0.00194100    0.00193700    0.00194300    0.00194300
5893.63653920    0.00196333    0.00196700    0.00196500    0.00195800
5893.93974508    0.00202967    0.00201700    0.00203200    0.00204000
5894.24295095    0.00213633    0.00213000    0.00213800    0.00214100
5894.54615682    0.00223833    0.00223000    0.00223800    0.00224700
5894.84936269    0.00228467    0.00228500    0.00228600    0.00228300
5895.15063731    0.00221933    0.00223000    0.00221500    0.00221300
5895.45384318    0.00207900    0.00208800    0.00207700    0.00207200
5895.75704905    0.00191833    0.00193300    0.00191600    0.00190600
5896.06025492    0.00179467    0.00180200    0.00179200    0.00179000
5896.36346080    0.00171167    0.00171800    0.00171200    0.00170500
5896.66666667    0.00164600    0.00165000    0.00164200    0.00164600
5896.96987254    0.00157033    0.00157800    0.00157100    0.00156200
5897.27307841    0.00148533    0.00149300    0.00148300    0.00148000
5897.57628428    0.00141433    0.00141700    0.00141500    0.00141100
5897.87949015    0.00136867    0.00137200    0.00136800    0.00136600
5898.18269602    0.00134300    0.00134700    0.00134200    0.00134000
5898.48397065    0.00134800    0.00134700    0.00134700    0.00135000
5898.78717652    0.00137267    0.00136800    0.00137300    0.00137700
5899.09038239    0.00138200    0.00138000    0.00138300    0.00138300
5899.39358826    0.00139233    0.00139200    0.00139200    0.00139300
5899.69679413    0.00144233    0.00143700    0.00144300    0.00144700
5900.00000000    0.00150967    0.00150200    0.00151100    0.00151600
5900.30320587    0.00158033    0.00157800    0.00158300    0.00158000
5900.60641174    0.00160567    0.00160600    0.00160500    0.00160600
5900.90961761    0.00156200    0.00156500    0.00156100    0.00156000
5901.21282348    0.00145333    0.00146500    0.00145200    0.00144300
5901.51602935    0.00128067    0.00129700    0.00127700    0.00126800
5901.81730398    0.00109667    0.00111000    0.00109300    0.00108700
5902.12050985    0.00090000    0.00091600    0.00089700    0.00088700
5902.42371572    0.00071600    0.00073300    0.00071300    0.00070200
5902.72692159    0.00052667    0.00054200    0.00052300    0.00051500
5903.03012746    0.00035533    0.00036800    0.00035200    0.00034600
5903.33333333    0.00021533    0.00022600    0.00021300    0.00020700
5903.63653920    0.00011767    0.00012500    0.00011600    0.00011200
5903.93974508    0.00006267    0.00006600    0.00006200    0.00006000
5904.24295095    0.00003200    0.00003300    0.00003200    0.00003100
5904.54615682    0.00002033    0.00002100    0.00002000    0.00002000
5904.84936269    0.00001533    0.00001600    0.00001500    0.00001500
5905.15063731    0.00001267    0.00001300    0.00001200    0.00001300
5905.45384318    0.00001133    0.00001200    0.00001200    0.00001000
5905.75704905    0.00001000    0.00001000    0.00001000    0.00001000
5906.06025492    0.00000800    0.00000800    0.00000800    0.00000800
5906.36346080    0.00000800    0.00000800    0.00000800    0.00000800
5906.66666667    0.00000700    0.00000700    0.00000700    0.00000700
5906.96987254    0.00000633    0.00000600    0.00000600    0.00000700
5907.27307841    0.00000633    0.00000600    0.00000600    0.00000700
5907.57628428    0.00000600    0.00000600    0.00000600    0.00000600
5907.87949015    0.00000600    0.00000600    0.00000600    0.00000600
5908.18269602    0.00000600    0.00000600    0.00000600    0.00000600
5908.48397065    0.00000400    0.00000600    0.00000300    0.00000300
5908.78717652    0.00000300    0.00000300    0.00000300    0.00000300
5909.09038239    0.00000300    0.00000300    0.00000300    0.00000300
5909.39358826    0.00000300    0.00000300    0.00000300    0.00000300
5909.69679413    0.00000267    0.00000200    0.00000300    0.00000300
5910.00000000    0.00000233    0.00000200    0.00000300    0.00000200
