,wl,mean,meta
0,6328.463,-8.33e-06,laser_300ms_400V__1tac_out1tac_in_307Hz_002_29102024
1,6328.5747,-6.67e-06,laser_300ms_400V__1tac_out1tac_in_307Hz_002_29102024
2,6328.6865,-8.33e-06,laser_300ms_400V__1tac_out1tac_in_307Hz_002_29102024
3,6328.799,-6.67e-06,laser_300ms_400V__1tac_out1tac_in_307Hz_002_29102024
4,6328.9106,-3.33e-06,laser_300ms_400V__1tac_out1tac_in_307Hz_002_29102024
5,6329.023,-5e-06,laser_300ms_400V__1tac_out1tac_in_307Hz_002_29102024
6,6329.135,-1.67e-06,laser_300ms_400V__1tac_out1tac_in_307Hz_002_29102024
7,6329.245,-3.33e-06,laser_300ms_400V__1tac_out1tac_in_307Hz_002_29102024
8,6329.357,-1.67e-06,laser_300ms_400V__1tac_out1tac_in_307Hz_002_29102024
9,6329.4688,-1.67e-06,laser_300ms_400V__1tac_out1tac_in_307Hz_002_29102024
10,6329.581,0.0,laser_300ms_400V__1tac_out1tac_in_307Hz_002_29102024
11,6329.693,5e-06,laser_300ms_400V__1tac_out1tac_in_307Hz_002_29102024
12,6329.805,5e-06,laser_300ms_400V__1tac_out1tac_in_307Hz_002_29102024
13,6329.917,8.33e-06,laser_300ms_400V__1tac_out1tac_in_307Hz_002_29102024
14,6330.027,1.833e-05,laser_300ms_400V__1tac_out1tac_in_307Hz_002_29102024
15,6330.139,2.5e-05,laser_300ms_400V__1tac_out1tac_in_307Hz_002_29102024
16,6330.251,3.333e-05,laser_300ms_400V__1tac_out1tac_in_307Hz_002_29102024
17,6330.3633,5e-05,laser_300ms_400V__1tac_out1tac_in_307Hz_002_29102024
18,6330.475,5.5e-05,laser_300ms_400V__1tac_out1tac_in_307Hz_002_29102024
19,6330.587,7.667e-05,laser_300ms_400V__1tac_out1tac_in_307Hz_002_29102024
20,6330.699,9e-05,laser_300ms_400V__1tac_out1tac_in_307Hz_002_29102024
21,6330.809,0.00010667,laser_300ms_400V__1tac_out1tac_in_307Hz_002_29102024
22,6330.9214,0.00013333,laser_300ms_400V__1tac_out1tac_in_307Hz_002_29102024
23,6331.033,0.00016,laser_300ms_400V__1tac_out1tac_in_307Hz_002_29102024
24,6331.145,0.00019,laser_300ms_400V__1tac_out1tac_in_307Hz_002_29102024
25,6331.2573,0.000235,laser_300ms_400V__1tac_out1tac_in_307Hz_002_29102024
26,6331.369,0.00028,laser_300ms_400V__1tac_out1tac_in_307Hz_002_29102024
27,6331.4814,0.00032167,laser_300ms_400V__1tac_out1tac_in_307Hz_002_29102024
28,6331.5913,0.000375,laser_300ms_400V__1tac_out1tac_in_307Hz_002_29102024
29,6331.703,0.00044167,laser_300ms_400V__1tac_out1tac_in_307Hz_002_29102024
30,6331.8154,0.00053333,laser_300ms_400V__1tac_out1tac_in_307Hz_002_29102024
31,6331.9272,0.00065333,laser_300ms_400V__1tac_out1tac_in_307Hz_002_29102024
32,6332.0396,0.00083333,laser_300ms_400V__1tac_out1tac_in_307Hz_002_29102024
33,6332.1514,0.00111,laser_300ms_400V__1tac_out1tac_in_307Hz_002_29102024
34,6332.263,0.00150833,laser_300ms_400V__1tac_out1tac_in_307Hz_002_29102024
35,6332.3735,0.00192667,laser_300ms_400V__1tac_out1tac_in_307Hz_002_29102024
36,6332.4854,0.00243333,laser_300ms_400V__1tac_out1tac_in_307Hz_002_29102024
37,6332.5977,0.002965,laser_300ms_400V__1tac_out1tac_in_307Hz_002_29102024
38,6332.7095,0.00375833,laser_300ms_400V__1tac_out1tac_in_307Hz_002_29102024
39,6332.822,0.00470667,laser_300ms_400V__1tac_out1tac_in_307Hz_002_29102024
40,6332.9336,0.00580667,laser_300ms_400V__1tac_out1tac_in_307Hz_002_29102024
41,6333.0454,0.00722833,laser_300ms_400V__1tac_out1tac_in_307Hz_002_29102024
42,6333.156,0.00893667,laser_300ms_400V__1tac_out1tac_in_307Hz_002_29102024
43,6333.2676,0.01076833,laser_300ms_400V__1tac_out1tac_in_307Hz_002_29102024
44,6333.38,0.01221833,laser_300ms_400V__1tac_out1tac_in_307Hz_002_29102024
45,6333.4917,0.01352333,laser_300ms_400V__1tac_out1tac_in_307Hz_002_29102024
46,6333.6035,0.01446167,laser_300ms_400V__1tac_out1tac_in_307Hz_002_29102024
47,6333.716,0.01463667,laser_300ms_400V__1tac_out1tac_in_307Hz_002_29102024
48,6333.8276,0.01406833,laser_300ms_400V__1tac_out1tac_in_307Hz_002_29102024
49,6333.938,0.01309833,laser_300ms_400V__1tac_out1tac_in_307Hz_002_29102024
50,6334.05,0.01155333,laser_300ms_400V__1tac_out1tac_in_307Hz_002_29102024
51,6334.1616,0.00981333,laser_300ms_400V__1tac_out1tac_in_307Hz_002_29102024
52,6334.274,0.008245,laser_300ms_400V__1tac_out1tac_in_307Hz_002_29102024
53,6334.3857,0.00673,laser_300ms_400V__1tac_out1tac_in_307Hz_002_29102024
54,6334.498,0.00520167,laser_300ms_400V__1tac_out1tac_in_307Hz_002_29102024
55,6334.61,0.00387333,laser_300ms_400V__1tac_out1tac_in_307Hz_002_29102024
56,6334.7197,0.002745,laser_300ms_400V__1tac_out1tac_in_307Hz_002_29102024
57,6334.832,0.00188833,laser_300ms_400V__1tac_out1tac_in_307Hz_002_29102024
58,6334.944,0.00130833,laser_300ms_400V__1tac_out1tac_in_307Hz_002_29102024
59,6335.056,0.00084333,laser_300ms_400V__1tac_out1tac_in_307Hz_002_29102024
60,6335.168,0.00054167,laser_300ms_400V__1tac_out1tac_in_307Hz_002_29102024
61,6335.2803,0.00039333,laser_300ms_400V__1tac_out1tac_in_307Hz_002_29102024
62,6335.39,0.00030167,laser_300ms_400V__1tac_out1tac_in_307Hz_002_29102024
63,6335.502,0.00023,laser_300ms_400V__1tac_out1tac_in_307Hz_002_29102024
64,6335.6143,0.00017833,laser_300ms_400V__1tac_out1tac_in_307Hz_002_29102024
65,6335.726,0.00013333,laser_300ms_400V__1tac_out1tac_in_307Hz_002_29102024
66,6335.8384,9.333e-05,laser_300ms_400V__1tac_out1tac_in_307Hz_002_29102024
67,6335.95,6.5e-05,laser_300ms_400V__1tac_out1tac_in_307Hz_002_29102024
68,6336.062,4.333e-05,laser_300ms_400V__1tac_out1tac_in_307Hz_002_29102024
69,6336.1724,3e-05,laser_300ms_400V__1tac_out1tac_in_307Hz_002_29102024
70,6336.284,1e-05,laser_300ms_400V__1tac_out1tac_in_307Hz_002_29102024
71,6336.3965,0.0,laser_300ms_400V__1tac_out1tac_in_307Hz_002_29102024
72,6336.5083,-5e-06,laser_300ms_400V__1tac_out1tac_in_307Hz_002_29102024
73,6336.62,-6.67e-06,laser_300ms_400V__1tac_out1tac_in_307Hz_002_29102024
74,6336.7324,-5e-06,laser_300ms_400V__1tac_out1tac_in_307Hz_002_29102024
75,6336.844,-6.67e-06,laser_300ms_400V__1tac_out1tac_in_307Hz_002_29102024
76,6336.9546,-5e-06,laser_300ms_400V__1tac_out1tac_in_307Hz_002_29102024
77,6337.0664,-8.33e-06,laser_300ms_400V__1tac_out1tac_in_307Hz_002_29102024
78,6337.178,-8.33e-06,laser_300ms_400V__1tac_out1tac_in_307Hz_002_29102024
79,6337.2905,-8.33e-06,laser_300ms_400V__1tac_out1tac_in_307Hz_002_29102024
80,6337.4023,-8.33e-06,laser_300ms_400V__1tac_out1tac_in_307Hz_002_29102024
81,6337.5146,-1e-05,laser_300ms_400V__1tac_out1tac_in_307Hz_002_29102024
82,6337.6265,-8.33e-06,laser_300ms_400V__1tac_out1tac_in_307Hz_002_29102024
83,6337.737,-8.33e-06,laser_300ms_400V__1tac_out1tac_in_307Hz_002_29102024
84,6337.8486,-8.33e-06,laser_300ms_400V__1tac_out1tac_in_307Hz_002_29102024
85,6337.9604,-1e-05,laser_300ms_400V__1tac_out1tac_in_307Hz_002_29102024
86,6338.0728,-1e-05,laser_300ms_400V__1tac_out1tac_in_307Hz_002_29102024
87,6338.1846,-8.33e-06,laser_300ms_400V__1tac_out1tac_in_307Hz_002_29102024
88,6338.297,-8.33e-06,laser_300ms_400V__1tac_out1tac_in_307Hz_002_29102024
89,6338.4087,-6.67e-06,laser_300ms_400V__1tac_out1tac_in_307Hz_002_29102024
90,6338.5186,-8.33e-06,laser_300ms_400V__1tac_out1tac_in_307Hz_002_29102024
91,6338.631,-6.67e-06,laser_300ms_400V__1tac_out1tac_in_307Hz_002_29102024
92,6338.7427,-6.67e-06,laser_300ms_400V__1tac_out1tac_in_307Hz_002_29102024
