,wl,mean,meta
0,6328.1826,-1.67e-06,laser_300ms_400V__1tac_out1tac_in_307Hz_001_29102024
1,6328.484,-8.33e-06,laser_300ms_400V__1tac_out1tac_in_307Hz_001_29102024
2,6328.787,-1e-05,laser_300ms_400V__1tac_out1tac_in_307Hz_001_29102024
3,6329.0903,-6.67e-06,laser_300ms_400V__1tac_out1tac_in_307Hz_001_29102024
4,6329.3936,0.0,laser_300ms_400V__1tac_out1tac_in_307Hz_001_29102024
5,6329.697,5e-06,laser_300ms_400V__1tac_out1tac_in_307Hz_001_29102024
6,6330.0,2.167e-05,laser_300ms_400V__1tac_out1tac_in_307Hz_001_29102024
7,6330.303,4.667e-05,laser_300ms_400V__1tac_out1tac_in_307Hz_001_29102024
8,6330.6064,8.333e-05,laser_300ms_400V__1tac_out1tac_in_307Hz_001_29102024
9,6330.9097,0.00014833,laser_300ms_400V__1tac_out1tac_in_307Hz_001_29102024
10,6331.213,0.00024833,laser_300ms_400V__1tac_out1tac_in_307Hz_001_29102024
11,6331.516,0.00038333,laser_300ms_400V__1tac_out1tac_in_307Hz_001_29102024
12,6331.8174,0.00063,laser_300ms_400V__1tac_out1tac_in_307Hz_001_29102024
13,6332.1206,0.00131667,laser_300ms_400V__1tac_out1tac_in_307Hz_001_29102024
14,6332.424,0.00261,laser_300ms_400V__1tac_out1tac_in_307Hz_001_29102024
15,6332.727,0.00479833,laser_300ms_400V__1tac_out1tac_in_307Hz_001_29102024
16,6333.0303,0.00879667,laser_300ms_400V__1tac_out1tac_in_307Hz_001_29102024
17,6333.3335,0.01300833,laser_300ms_400V__1tac_out1tac_in_307Hz_001_29102024
18,6333.6367,0.01439833,laser_300ms_400V__1tac_out1tac_in_307Hz_001_29102024
19,6333.94,0.01132167,laser_300ms_400V__1tac_out1tac_in_307Hz_001_29102024
20,6334.243,0.00696333,laser_300ms_400V__1tac_out1tac_in_307Hz_001_29102024
21,6334.5464,0.00316833,laser_300ms_400V__1tac_out1tac_in_307Hz_001_29102024
22,6334.849,0.00113333,laser_300ms_400V__1tac_out1tac_in_307Hz_001_29102024
23,6335.151,0.000395,laser_300ms_400V__1tac_out1tac_in_307Hz_001_29102024
24,6335.4536,0.00019333,laser_300ms_400V__1tac_out1tac_in_307Hz_001_29102024
25,6335.757,8.333e-05,laser_300ms_400V__1tac_out1tac_in_307Hz_001_29102024
26,6336.06,2.667e-05,laser_300ms_400V__1tac_out1tac_in_307Hz_001_29102024
27,6336.3633,0.0,laser_300ms_400V__1tac_out1tac_in_307Hz_001_29102024
28,6336.6665,-5e-06,laser_300ms_400V__1tac_out1tac_in_307Hz_001_29102024
29,6336.9697,-6.67e-06,laser_300ms_400V__1tac_out1tac_in_307Hz_001_29102024
30,6337.273,-1e-05,laser_300ms_400V__1tac_out1tac_in_307Hz_001_29102024
31,6337.576,-5e-06,laser_300ms_400V__1tac_out1tac_in_307Hz_001_29102024
32,6337.8794,-5e-06,laser_300ms_400V__1tac_out1tac_in_307Hz_001_29102024
33,6338.1826,-6.67e-06,laser_300ms_400V__1tac_out1tac_in_307Hz_001_29102024
34,6338.484,-8.33e-06,laser_300ms_400V__1tac_out1tac_in_307Hz_001_29102024
