,wl,mean,meta
0,8180.0327,-7.2e-06,Na_1000ms_780V__1tac_out1tac_in_307Hz_010_29102024
1,8180.236,-6.72e-06,Na_1000ms_780V__1tac_out1tac_in_307Hz_010_29102024
2,8180.4365,-4.89e-06,Na_1000ms_780V__1tac_out1tac_in_307Hz_010_29102024
3,8180.637,-6.74e-06,Na_1000ms_780V__1tac_out1tac_in_307Hz_010_29102024
4,8180.8384,-7.95e-06,Na_1000ms_780V__1tac_out1tac_in_307Hz_010_29102024
5,8181.041,-7.11e-06,Na_1000ms_780V__1tac_out1tac_in_307Hz_010_29102024
6,8181.2417,-6.44e-06,Na_1000ms_780V__1tac_out1tac_in_307Hz_010_29102024
7,8181.443,-7.36e-06,Na_1000ms_780V__1tac_out1tac_in_307Hz_010_29102024
8,8181.6436,-6.92e-06,Na_1000ms_780V__1tac_out1tac_in_307Hz_010_29102024
9,8181.846,-5.84e-06,Na_1000ms_780V__1tac_out1tac_in_307Hz_010_29102024
10,8182.0474,-6.96e-06,Na_1000ms_780V__1tac_out1tac_in_307Hz_010_29102024
11,8182.248,-7.48e-06,Na_1000ms_780V__1tac_out1tac_in_307Hz_010_29102024
12,8182.4487,-6.77e-06,Na_1000ms_780V__1tac_out1tac_in_307Hz_010_29102024
13,8182.6514,-5.02e-06,Na_1000ms_780V__1tac_out1tac_in_307Hz_010_29102024
14,8182.8525,-7.03e-06,Na_1000ms_780V__1tac_out1tac_in_307Hz_010_29102024
15,8183.053,-5.29e-06,Na_1000ms_780V__1tac_out1tac_in_307Hz_010_29102024
16,8183.2544,-5.28e-06,Na_1000ms_780V__1tac_out1tac_in_307Hz_010_29102024
17,8183.457,-2.7e-06,Na_1000ms_780V__1tac_out1tac_in_307Hz_010_29102024
18,8183.6577,-1.03e-06,Na_1000ms_780V__1tac_out1tac_in_307Hz_010_29102024
19,8183.8584,4.5e-07,Na_1000ms_780V__1tac_out1tac_in_307Hz_010_29102024
20,8184.0596,4.99e-06,Na_1000ms_780V__1tac_out1tac_in_307Hz_010_29102024
21,8184.262,5.47e-06,Na_1000ms_780V__1tac_out1tac_in_307Hz_010_29102024
22,8184.463,7.25e-06,Na_1000ms_780V__1tac_out1tac_in_307Hz_010_29102024
23,8184.664,8.73e-06,Na_1000ms_780V__1tac_out1tac_in_307Hz_010_29102024
24,8184.8647,1.088e-05,Na_1000ms_780V__1tac_out1tac_in_307Hz_010_29102024
25,8185.0674,1.159e-05,Na_1000ms_780V__1tac_out1tac_in_307Hz_010_29102024
26,8185.2686,1.085e-05,Na_1000ms_780V__1tac_out1tac_in_307Hz_010_29102024
27,8185.469,1.003e-05,Na_1000ms_780V__1tac_out1tac_in_307Hz_010_29102024
28,8185.672,9.38e-06,Na_1000ms_780V__1tac_out1tac_in_307Hz_010_29102024
29,8185.873,9.6e-06,Na_1000ms_780V__1tac_out1tac_in_307Hz_010_29102024
30,8186.0737,9.81e-06,Na_1000ms_780V__1tac_out1tac_in_307Hz_010_29102024
31,8186.2744,1.066e-05,Na_1000ms_780V__1tac_out1tac_in_307Hz_010_29102024
32,8186.4775,1.021e-05,Na_1000ms_780V__1tac_out1tac_in_307Hz_010_29102024
33,8186.678,1.279e-05,Na_1000ms_780V__1tac_out1tac_in_307Hz_010_29102024
34,8186.879,1.429e-05,Na_1000ms_780V__1tac_out1tac_in_307Hz_010_29102024
35,8187.08,1.384e-05,Na_1000ms_780V__1tac_out1tac_in_307Hz_010_29102024
36,8187.2827,1.337e-05,Na_1000ms_780V__1tac_out1tac_in_307Hz_010_29102024
37,8187.4834,1.466e-05,Na_1000ms_780V__1tac_out1tac_in_307Hz_010_29102024
38,8187.6846,1.442e-05,Na_1000ms_780V__1tac_out1tac_in_307Hz_010_29102024
39,8187.8853,1.485e-05,Na_1000ms_780V__1tac_out1tac_in_307Hz_010_29102024
40,8188.088,1.196e-05,Na_1000ms_780V__1tac_out1tac_in_307Hz_010_29102024
41,8188.289,1.209e-05,Na_1000ms_780V__1tac_out1tac_in_307Hz_010_29102024
42,8188.4897,6.45e-06,Na_1000ms_780V__1tac_out1tac_in_307Hz_010_29102024
43,8188.6904,1.31e-06,Na_1000ms_780V__1tac_out1tac_in_307Hz_010_29102024
44,8188.8936,-1.93e-06,Na_1000ms_780V__1tac_out1tac_in_307Hz_010_29102024
45,8189.094,-5.37e-06,Na_1000ms_780V__1tac_out1tac_in_307Hz_010_29102024
46,8189.295,-5.2e-06,Na_1000ms_780V__1tac_out1tac_in_307Hz_010_29102024
47,8189.496,-6.74e-06,Na_1000ms_780V__1tac_out1tac_in_307Hz_010_29102024
48,8189.6987,-5.02e-06,Na_1000ms_780V__1tac_out1tac_in_307Hz_010_29102024
49,8189.8994,-6.73e-06,Na_1000ms_780V__1tac_out1tac_in_307Hz_010_29102024
50,8190.1006,-6.37e-06,Na_1000ms_780V__1tac_out1tac_in_307Hz_010_29102024
51,8190.3013,-8.91e-06,Na_1000ms_780V__1tac_out1tac_in_307Hz_010_29102024
52,8190.504,-7.22e-06,Na_1000ms_780V__1tac_out1tac_in_307Hz_010_29102024
53,8190.705,-6.48e-06,Na_1000ms_780V__1tac_out1tac_in_307Hz_010_29102024
54,8190.906,-6.21e-06,Na_1000ms_780V__1tac_out1tac_in_307Hz_010_29102024
55,8191.1064,-6.01e-06,Na_1000ms_780V__1tac_out1tac_in_307Hz_010_29102024
56,8191.3096,-5.53e-06,Na_1000ms_780V__1tac_out1tac_in_307Hz_010_29102024
57,8191.5103,-7.55e-06,Na_1000ms_780V__1tac_out1tac_in_307Hz_010_29102024
58,8191.711,-6.54e-06,Na_1000ms_780V__1tac_out1tac_in_307Hz_010_29102024
59,8191.912,-6.82e-06,Na_1000ms_780V__1tac_out1tac_in_307Hz_010_29102024
60,8192.114,-7.86e-06,Na_1000ms_780V__1tac_out1tac_in_307Hz_010_29102024
61,8192.315,-7.41e-06,Na_1000ms_780V__1tac_out1tac_in_307Hz_010_29102024
62,8192.517,-7.39e-06,Na_1000ms_780V__1tac_out1tac_in_307Hz_010_29102024
63,8192.717,-6.09e-06,Na_1000ms_780V__1tac_out1tac_in_307Hz_010_29102024
64,8192.92,-5.83e-06,Na_1000ms_780V__1tac_out1tac_in_307Hz_010_29102024
65,8193.121,-5.42e-06,Na_1000ms_780V__1tac_out1tac_in_307Hz_010_29102024
66,8193.321,-5.65e-06,Na_1000ms_780V__1tac_out1tac_in_307Hz_010_29102024
67,8193.522,-5.21e-06,Na_1000ms_780V__1tac_out1tac_in_307Hz_010_29102024
68,8193.726,-4.29e-06,Na_1000ms_780V__1tac_out1tac_in_307Hz_010_29102024
69,8193.926,-2.46e-06,Na_1000ms_780V__1tac_out1tac_in_307Hz_010_29102024
70,8194.127,-5.4e-07,Na_1000ms_780V__1tac_out1tac_in_307Hz_010_29102024
71,8194.328,5.13e-06,Na_1000ms_780V__1tac_out1tac_in_307Hz_010_29102024
72,8194.53,1.062e-05,Na_1000ms_780V__1tac_out1tac_in_307Hz_010_29102024
73,8194.731,1.279e-05,Na_1000ms_780V__1tac_out1tac_in_307Hz_010_29102024
74,8194.933,1.563e-05,Na_1000ms_780V__1tac_out1tac_in_307Hz_010_29102024
75,8195.135,1.66e-05,Na_1000ms_780V__1tac_out1tac_in_307Hz_010_29102024
76,8195.336,1.637e-05,Na_1000ms_780V__1tac_out1tac_in_307Hz_010_29102024
77,8195.537,1.763e-05,Na_1000ms_780V__1tac_out1tac_in_307Hz_010_29102024
78,8195.737,1.695e-05,Na_1000ms_780V__1tac_out1tac_in_307Hz_010_29102024
79,8195.94,1.652e-05,Na_1000ms_780V__1tac_out1tac_in_307Hz_010_29102024
80,8196.142,1.576e-05,Na_1000ms_780V__1tac_out1tac_in_307Hz_010_29102024
81,8196.342,1.467e-05,Na_1000ms_780V__1tac_out1tac_in_307Hz_010_29102024
82,8196.543,1.281e-05,Na_1000ms_780V__1tac_out1tac_in_307Hz_010_29102024
83,8196.746,1.56e-05,Na_1000ms_780V__1tac_out1tac_in_307Hz_010_29102024
84,8196.946,1.768e-05,Na_1000ms_780V__1tac_out1tac_in_307Hz_010_29102024
85,8197.147,1.964e-05,Na_1000ms_780V__1tac_out1tac_in_307Hz_010_29102024
86,8197.349,2.107e-05,Na_1000ms_780V__1tac_out1tac_in_307Hz_010_29102024
87,8197.551,2.264e-05,Na_1000ms_780V__1tac_out1tac_in_307Hz_010_29102024
88,8197.752,2.285e-05,Na_1000ms_780V__1tac_out1tac_in_307Hz_010_29102024
89,8197.953,2.179e-05,Na_1000ms_780V__1tac_out1tac_in_307Hz_010_29102024
90,8198.153,2.217e-05,Na_1000ms_780V__1tac_out1tac_in_307Hz_010_29102024
91,8198.356,2.326e-05,Na_1000ms_780V__1tac_out1tac_in_307Hz_010_29102024
92,8198.558,2.179e-05,Na_1000ms_780V__1tac_out1tac_in_307Hz_010_29102024
93,8198.758,2.017e-05,Na_1000ms_780V__1tac_out1tac_in_307Hz_010_29102024
94,8198.959,1.45e-05,Na_1000ms_780V__1tac_out1tac_in_307Hz_010_29102024
95,8199.162,1.112e-05,Na_1000ms_780V__1tac_out1tac_in_307Hz_010_29102024
96,8199.362,7.76e-06,Na_1000ms_780V__1tac_out1tac_in_307Hz_010_29102024
97,8199.563,-1.28e-06,Na_1000ms_780V__1tac_out1tac_in_307Hz_010_29102024
98,8199.765,-4.57e-06,Na_1000ms_780V__1tac_out1tac_in_307Hz_010_29102024
99,8199.967,-3.89e-06,Na_1000ms_780V__1tac_out1tac_in_307Hz_010_29102024
100,8200.168,-5.63e-06,Na_1000ms_780V__1tac_out1tac_in_307Hz_010_29102024
101,8200.369,-6.2e-06,Na_1000ms_780V__1tac_out1tac_in_307Hz_010_29102024
102,8200.569,-6.37e-06,Na_1000ms_780V__1tac_out1tac_in_307Hz_010_29102024
103,8200.772,-6.53e-06,Na_1000ms_780V__1tac_out1tac_in_307Hz_010_29102024
104,8200.974,-5.84e-06,Na_1000ms_780V__1tac_out1tac_in_307Hz_010_29102024
105,8201.174,-6.4e-06,Na_1000ms_780V__1tac_out1tac_in_307Hz_010_29102024
106,8201.375,-7.5e-06,Na_1000ms_780V__1tac_out1tac_in_307Hz_010_29102024
107,8201.578,-7.21e-06,Na_1000ms_780V__1tac_out1tac_in_307Hz_010_29102024
108,8201.778,-6.91e-06,Na_1000ms_780V__1tac_out1tac_in_307Hz_010_29102024
109,8201.9795,-6.97e-06,Na_1000ms_780V__1tac_out1tac_in_307Hz_010_29102024
110,8202.181,-6.69e-06,Na_1000ms_780V__1tac_out1tac_in_307Hz_010_29102024
111,8202.383,-6.72e-06,Na_1000ms_780V__1tac_out1tac_in_307Hz_010_29102024
112,8202.584,-7.18e-06,Na_1000ms_780V__1tac_out1tac_in_307Hz_010_29102024
113,8202.785,-6.66e-06,Na_1000ms_780V__1tac_out1tac_in_307Hz_010_29102024
114,8202.985,-7.26e-06,Na_1000ms_780V__1tac_out1tac_in_307Hz_010_29102024
115,8203.188,-6.6e-06,Na_1000ms_780V__1tac_out1tac_in_307Hz_010_29102024
