,wl,mean,meta
0,8178.0806,-7e-07,Na_300ms_548V__1tac_out1tac_in_307Hz_008_29102024
1,8178.484,-9.7e-07,Na_300ms_548V__1tac_out1tac_in_307Hz_008_29102024
2,8178.8896,-1.03e-06,Na_300ms_548V__1tac_out1tac_in_307Hz_008_29102024
3,8179.293,-9.7e-07,Na_300ms_548V__1tac_out1tac_in_307Hz_008_29102024
4,8179.697,-8.7e-07,Na_300ms_548V__1tac_out1tac_in_307Hz_008_29102024
5,8180.1006,-8e-07,Na_300ms_548V__1tac_out1tac_in_307Hz_008_29102024
6,8180.506,-5.3e-07,Na_300ms_548V__1tac_out1tac_in_307Hz_008_29102024
7,8180.9097,0.0,Na_300ms_548V__1tac_out1tac_in_307Hz_008_29102024
8,8181.3135,3e-08,Na_300ms_548V__1tac_out1tac_in_307Hz_008_29102024
9,8181.717,5.3e-07,Na_300ms_548V__1tac_out1tac_in_307Hz_008_29102024
10,8182.1206,1.37e-06,Na_300ms_548V__1tac_out1tac_in_307Hz_008_29102024
11,8182.526,4.37e-06,Na_300ms_548V__1tac_out1tac_in_307Hz_008_29102024
12,8182.9297,1.337e-05,Na_300ms_548V__1tac_out1tac_in_307Hz_008_29102024
13,8183.3335,3.843e-05,Na_300ms_548V__1tac_out1tac_in_307Hz_008_29102024
14,8183.737,8.743e-05,Na_300ms_548V__1tac_out1tac_in_307Hz_008_29102024
15,8184.1406,0.00015427,Na_300ms_548V__1tac_out1tac_in_307Hz_008_29102024
16,8184.5464,0.0002262,Na_300ms_548V__1tac_out1tac_in_307Hz_008_29102024
17,8184.9497,0.0002771,Na_300ms_548V__1tac_out1tac_in_307Hz_008_29102024
18,8185.3535,0.00028793,Na_300ms_548V__1tac_out1tac_in_307Hz_008_29102024
19,8185.757,0.0002665,Na_300ms_548V__1tac_out1tac_in_307Hz_008_29102024
20,8186.1606,0.00021753,Na_300ms_548V__1tac_out1tac_in_307Hz_008_29102024
21,8186.5664,0.00015863,Na_300ms_548V__1tac_out1tac_in_307Hz_008_29102024
22,8186.9697,0.00010287,Na_300ms_548V__1tac_out1tac_in_307Hz_008_29102024
23,8187.3735,7.137e-05,Na_300ms_548V__1tac_out1tac_in_307Hz_008_29102024
24,8187.7773,5.553e-05,Na_300ms_548V__1tac_out1tac_in_307Hz_008_29102024
25,8188.1826,4.57e-05,Na_300ms_548V__1tac_out1tac_in_307Hz_008_29102024
26,8188.5864,2.953e-05,Na_300ms_548V__1tac_out1tac_in_307Hz_008_29102024
27,8188.9897,8.7e-06,Na_300ms_548V__1tac_out1tac_in_307Hz_008_29102024
28,8189.3936,6.3e-07,Na_300ms_548V__1tac_out1tac_in_307Hz_008_29102024
29,8189.7974,-5e-07,Na_300ms_548V__1tac_out1tac_in_307Hz_008_29102024
30,8190.2026,-5.3e-07,Na_300ms_548V__1tac_out1tac_in_307Hz_008_29102024
31,8190.6064,-3.7e-07,Na_300ms_548V__1tac_out1tac_in_307Hz_008_29102024
32,8191.0103,0.0,Na_300ms_548V__1tac_out1tac_in_307Hz_008_29102024
33,8191.4136,2e-07,Na_300ms_548V__1tac_out1tac_in_307Hz_008_29102024
34,8191.8174,3.7e-07,Na_300ms_548V__1tac_out1tac_in_307Hz_008_29102024
35,8192.223,8e-07,Na_300ms_548V__1tac_out1tac_in_307Hz_008_29102024
36,8192.627,2.17e-06,Na_300ms_548V__1tac_out1tac_in_307Hz_008_29102024
37,8193.03,6.13e-06,Na_300ms_548V__1tac_out1tac_in_307Hz_008_29102024
38,8193.434,1.77e-05,Na_300ms_548V__1tac_out1tac_in_307Hz_008_29102024
39,8193.839,5.047e-05,Na_300ms_548V__1tac_out1tac_in_307Hz_008_29102024
40,8194.243,0.0001158,Na_300ms_548V__1tac_out1tac_in_307Hz_008_29102024
41,8194.646,0.00020497,Na_300ms_548V__1tac_out1tac_in_307Hz_008_29102024
42,8195.05,0.00030253,Na_300ms_548V__1tac_out1tac_in_307Hz_008_29102024
43,8195.454,0.00037693,Na_300ms_548V__1tac_out1tac_in_307Hz_008_29102024
44,8195.859,0.0004085,Na_300ms_548V__1tac_out1tac_in_307Hz_008_29102024
45,8196.263,0.00038327,Na_300ms_548V__1tac_out1tac_in_307Hz_008_29102024
46,8196.667,0.0003257,Na_300ms_548V__1tac_out1tac_in_307Hz_008_29102024
47,8197.07,0.00024063,Na_300ms_548V__1tac_out1tac_in_307Hz_008_29102024
48,8197.474,0.0001612,Na_300ms_548V__1tac_out1tac_in_307Hz_008_29102024
49,8197.88,0.00010827,Na_300ms_548V__1tac_out1tac_in_307Hz_008_29102024
50,8198.283,8.11e-05,Na_300ms_548V__1tac_out1tac_in_307Hz_008_29102024
51,8198.687,6.77e-05,Na_300ms_548V__1tac_out1tac_in_307Hz_008_29102024
52,8199.091,5.03e-05,Na_300ms_548V__1tac_out1tac_in_307Hz_008_29102024
53,8199.494,1.81e-05,Na_300ms_548V__1tac_out1tac_in_307Hz_008_29102024
54,8199.899,1.77e-06,Na_300ms_548V__1tac_out1tac_in_307Hz_008_29102024
55,8200.303,-5.3e-07,Na_300ms_548V__1tac_out1tac_in_307Hz_008_29102024
56,8200.707,-3.7e-07,Na_300ms_548V__1tac_out1tac_in_307Hz_008_29102024
57,8201.11,-7e-07,Na_300ms_548V__1tac_out1tac_in_307Hz_008_29102024
58,8201.516,-8e-07,Na_300ms_548V__1tac_out1tac_in_307Hz_008_29102024
59,8201.92,-7e-07,Na_300ms_548V__1tac_out1tac_in_307Hz_008_29102024
60,8202.323,-9.7e-07,Na_300ms_548V__1tac_out1tac_in_307Hz_008_29102024
61,8202.727,-9.7e-07,Na_300ms_548V__1tac_out1tac_in_307Hz_008_29102024
62,8203.131,-1.13e-06,Na_300ms_548V__1tac_out1tac_in_307Hz_008_29102024
63,8203.536,-8.7e-07,Na_300ms_548V__1tac_out1tac_in_307Hz_008_29102024
64,8203.939,-1.37e-06,Na_300ms_548V__1tac_out1tac_in_307Hz_008_29102024
