,wl,mean,meta
0,5886.9697,-7e-07,Na_300ms_630V__1tac_out0tac_in_307Hz_007_29102024
1,5887.273,-8e-07,Na_300ms_630V__1tac_out0tac_in_307Hz_007_29102024
2,5887.576,-7e-07,Na_300ms_630V__1tac_out0tac_in_307Hz_007_29102024
3,5887.8794,-8.7e-07,Na_300ms_630V__1tac_out0tac_in_307Hz_007_29102024
4,5888.1826,-7e-07,Na_300ms_630V__1tac_out0tac_in_307Hz_007_29102024
5,5888.484,-7e-08,Na_300ms_630V__1tac_out0tac_in_307Hz_007_29102024
6,5888.787,-3e-07,Na_300ms_630V__1tac_out0tac_in_307Hz_007_29102024
7,5889.0903,-2.7e-07,Na_300ms_630V__1tac_out0tac_in_307Hz_007_29102024
8,5889.3936,4.3e-07,Na_300ms_630V__1tac_out0tac_in_307Hz_007_29102024
9,5889.697,4.3e-07,Na_300ms_630V__1tac_out0tac_in_307Hz_007_29102024
10,5890.0,8.7e-07,Na_300ms_630V__1tac_out0tac_in_307Hz_007_29102024
11,5890.303,1.3e-06,Na_300ms_630V__1tac_out0tac_in_307Hz_007_29102024
12,5890.6064,2.33e-06,Na_300ms_630V__1tac_out0tac_in_307Hz_007_29102024
13,5890.9097,4.5e-06,Na_300ms_630V__1tac_out0tac_in_307Hz_007_29102024
14,5891.213,1.287e-05,Na_300ms_630V__1tac_out0tac_in_307Hz_007_29102024
15,5891.516,3.56e-05,Na_300ms_630V__1tac_out0tac_in_307Hz_007_29102024
16,5891.8174,6.737e-05,Na_300ms_630V__1tac_out0tac_in_307Hz_007_29102024
17,5892.1206,9.893e-05,Na_300ms_630V__1tac_out0tac_in_307Hz_007_29102024
18,5892.424,0.00014487,Na_300ms_630V__1tac_out0tac_in_307Hz_007_29102024
19,5892.727,0.00019383,Na_300ms_630V__1tac_out0tac_in_307Hz_007_29102024
20,5893.0303,0.00023627,Na_300ms_630V__1tac_out0tac_in_307Hz_007_29102024
21,5893.3335,0.0003302,Na_300ms_630V__1tac_out0tac_in_307Hz_007_29102024
22,5893.6367,0.0003841,Na_300ms_630V__1tac_out0tac_in_307Hz_007_29102024
23,5893.94,0.00034037,Na_300ms_630V__1tac_out0tac_in_307Hz_007_29102024
24,5894.243,0.00026053,Na_300ms_630V__1tac_out0tac_in_307Hz_007_29102024
25,5894.5464,0.00014193,Na_300ms_630V__1tac_out0tac_in_307Hz_007_29102024
26,5894.849,5.57e-05,Na_300ms_630V__1tac_out0tac_in_307Hz_007_29102024
27,5895.151,2.73e-05,Na_300ms_630V__1tac_out0tac_in_307Hz_007_29102024
28,5895.4536,1.553e-05,Na_300ms_630V__1tac_out0tac_in_307Hz_007_29102024
29,5895.757,1.02e-05,Na_300ms_630V__1tac_out0tac_in_307Hz_007_29102024
30,5896.06,6.1e-06,Na_300ms_630V__1tac_out0tac_in_307Hz_007_29102024
31,5896.3633,4.5e-06,Na_300ms_630V__1tac_out0tac_in_307Hz_007_29102024
32,5896.6665,6.13e-06,Na_300ms_630V__1tac_out0tac_in_307Hz_007_29102024
33,5896.9697,1.76e-05,Na_300ms_630V__1tac_out0tac_in_307Hz_007_29102024
34,5897.273,3.797e-05,Na_300ms_630V__1tac_out0tac_in_307Hz_007_29102024
35,5897.576,5.627e-05,Na_300ms_630V__1tac_out0tac_in_307Hz_007_29102024
36,5897.8794,8.167e-05,Na_300ms_630V__1tac_out0tac_in_307Hz_007_29102024
37,5898.1826,0.00011697,Na_300ms_630V__1tac_out0tac_in_307Hz_007_29102024
38,5898.484,0.0001435,Na_300ms_630V__1tac_out0tac_in_307Hz_007_29102024
39,5898.787,0.00018103,Na_300ms_630V__1tac_out0tac_in_307Hz_007_29102024
40,5899.0903,0.00025313,Na_300ms_630V__1tac_out0tac_in_307Hz_007_29102024
41,5899.3936,0.00026837,Na_300ms_630V__1tac_out0tac_in_307Hz_007_29102024
42,5899.697,0.0002292,Na_300ms_630V__1tac_out0tac_in_307Hz_007_29102024
43,5900.0,0.0001952,Na_300ms_630V__1tac_out0tac_in_307Hz_007_29102024
44,5900.303,0.0001526,Na_300ms_630V__1tac_out0tac_in_307Hz_007_29102024
45,5900.6064,3.877e-05,Na_300ms_630V__1tac_out0tac_in_307Hz_007_29102024
46,5900.9097,1.85e-05,Na_300ms_630V__1tac_out0tac_in_307Hz_007_29102024
47,5901.213,9.77e-06,Na_300ms_630V__1tac_out0tac_in_307Hz_007_29102024
48,5901.516,5.27e-06,Na_300ms_630V__1tac_out0tac_in_307Hz_007_29102024
49,5901.8174,3.2e-06,Na_300ms_630V__1tac_out0tac_in_307Hz_007_29102024
50,5902.1206,1.53e-06,Na_300ms_630V__1tac_out0tac_in_307Hz_007_29102024
51,5902.424,5.3e-07,Na_300ms_630V__1tac_out0tac_in_307Hz_007_29102024
52,5902.727,-1e-07,Na_300ms_630V__1tac_out0tac_in_307Hz_007_29102024
53,5903.0303,1e-07,Na_300ms_630V__1tac_out0tac_in_307Hz_007_29102024
54,5903.3335,2.7e-07,Na_300ms_630V__1tac_out0tac_in_307Hz_007_29102024
55,5903.6367,-6e-07,Na_300ms_630V__1tac_out0tac_in_307Hz_007_29102024
56,5903.94,-2.7e-07,Na_300ms_630V__1tac_out0tac_in_307Hz_007_29102024
57,5904.243,-8e-07,Na_300ms_630V__1tac_out0tac_in_307Hz_007_29102024
58,5904.5464,-8.3e-07,Na_300ms_630V__1tac_out0tac_in_307Hz_007_29102024
59,5904.849,-8e-07,Na_300ms_630V__1tac_out0tac_in_307Hz_007_29102024
60,5905.151,-6e-07,Na_300ms_630V__1tac_out0tac_in_307Hz_007_29102024
