,wl,mean,meta
0,5887.8794,-7e-07,Na_300ms_470V__1tac_out0tac_in_307Hz_005_29102024
1,5888.1826,-6.3e-07,Na_300ms_470V__1tac_out0tac_in_307Hz_005_29102024
2,5888.484,-9.7e-07,Na_300ms_470V__1tac_out0tac_in_307Hz_005_29102024
3,5888.787,-4.7e-07,Na_300ms_470V__1tac_out0tac_in_307Hz_005_29102024
4,5889.0903,-3.7e-07,Na_300ms_470V__1tac_out0tac_in_307Hz_005_29102024
5,5889.3936,-4.3e-07,Na_300ms_470V__1tac_out0tac_in_307Hz_005_29102024
6,5889.697,-1e-07,Na_300ms_470V__1tac_out0tac_in_307Hz_005_29102024
7,5890.0,6.3e-07,Na_300ms_470V__1tac_out0tac_in_307Hz_005_29102024
8,5890.303,1.43e-06,Na_300ms_470V__1tac_out0tac_in_307Hz_005_29102024
9,5890.6064,2.1e-06,Na_300ms_470V__1tac_out0tac_in_307Hz_005_29102024
10,5890.9097,5.27e-06,Na_300ms_470V__1tac_out0tac_in_307Hz_005_29102024
11,5891.213,1.447e-05,Na_300ms_470V__1tac_out0tac_in_307Hz_005_29102024
12,5891.516,2.97e-05,Na_300ms_470V__1tac_out0tac_in_307Hz_005_29102024
13,5891.8174,5.27e-05,Na_300ms_470V__1tac_out0tac_in_307Hz_005_29102024
14,5892.1206,8.133e-05,Na_300ms_470V__1tac_out0tac_in_307Hz_005_29102024
15,5892.424,0.00011817,Na_300ms_470V__1tac_out0tac_in_307Hz_005_29102024
16,5892.727,0.00015753,Na_300ms_470V__1tac_out0tac_in_307Hz_005_29102024
17,5893.0303,0.00020177,Na_300ms_470V__1tac_out0tac_in_307Hz_005_29102024
18,5893.3335,0.0002616,Na_300ms_470V__1tac_out0tac_in_307Hz_005_29102024
19,5893.6367,0.000307,Na_300ms_470V__1tac_out0tac_in_307Hz_005_29102024
20,5893.94,0.0003132,Na_300ms_470V__1tac_out0tac_in_307Hz_005_29102024
21,5894.243,0.0002541,Na_300ms_470V__1tac_out0tac_in_307Hz_005_29102024
22,5894.5464,0.00014953,Na_300ms_470V__1tac_out0tac_in_307Hz_005_29102024
23,5894.849,7.853e-05,Na_300ms_470V__1tac_out0tac_in_307Hz_005_29102024
24,5895.151,5.203e-05,Na_300ms_470V__1tac_out0tac_in_307Hz_005_29102024
25,5895.4536,3.887e-05,Na_300ms_470V__1tac_out0tac_in_307Hz_005_29102024
26,5895.757,2.66e-05,Na_300ms_470V__1tac_out0tac_in_307Hz_005_29102024
27,5896.06,1.483e-05,Na_300ms_470V__1tac_out0tac_in_307Hz_005_29102024
28,5896.3633,7e-06,Na_300ms_470V__1tac_out0tac_in_307Hz_005_29102024
29,5896.6665,8.3e-06,Na_300ms_470V__1tac_out0tac_in_307Hz_005_29102024
30,5896.9697,1.61e-05,Na_300ms_470V__1tac_out0tac_in_307Hz_005_29102024
31,5897.273,2.977e-05,Na_300ms_470V__1tac_out0tac_in_307Hz_005_29102024
32,5897.576,4.603e-05,Na_300ms_470V__1tac_out0tac_in_307Hz_005_29102024
33,5897.8794,6.727e-05,Na_300ms_470V__1tac_out0tac_in_307Hz_005_29102024
34,5898.1826,9.227e-05,Na_300ms_470V__1tac_out0tac_in_307Hz_005_29102024
35,5898.484,0.00011903,Na_300ms_470V__1tac_out0tac_in_307Hz_005_29102024
36,5898.787,0.0001566,Na_300ms_470V__1tac_out0tac_in_307Hz_005_29102024
37,5899.0903,0.00019477,Na_300ms_470V__1tac_out0tac_in_307Hz_005_29102024
38,5899.3936,0.00021793,Na_300ms_470V__1tac_out0tac_in_307Hz_005_29102024
39,5899.697,0.00021703,Na_300ms_470V__1tac_out0tac_in_307Hz_005_29102024
40,5900.0,0.00019737,Na_300ms_470V__1tac_out0tac_in_307Hz_005_29102024
41,5900.303,0.0001133,Na_300ms_470V__1tac_out0tac_in_307Hz_005_29102024
42,5900.6064,5.467e-05,Na_300ms_470V__1tac_out0tac_in_307Hz_005_29102024
43,5900.9097,3.627e-05,Na_300ms_470V__1tac_out0tac_in_307Hz_005_29102024
44,5901.213,2.687e-05,Na_300ms_470V__1tac_out0tac_in_307Hz_005_29102024
45,5901.516,1.877e-05,Na_300ms_470V__1tac_out0tac_in_307Hz_005_29102024
46,5901.8174,1.097e-05,Na_300ms_470V__1tac_out0tac_in_307Hz_005_29102024
47,5902.1206,3.53e-06,Na_300ms_470V__1tac_out0tac_in_307Hz_005_29102024
48,5902.424,7e-07,Na_300ms_470V__1tac_out0tac_in_307Hz_005_29102024
49,5902.727,-1e-07,Na_300ms_470V__1tac_out0tac_in_307Hz_005_29102024
50,5903.0303,-1.7e-07,Na_300ms_470V__1tac_out0tac_in_307Hz_005_29102024
51,5903.3335,-6.3e-07,Na_300ms_470V__1tac_out0tac_in_307Hz_005_29102024
52,5903.6367,-6.3e-07,Na_300ms_470V__1tac_out0tac_in_307Hz_005_29102024
53,5903.94,-9.7e-07,Na_300ms_470V__1tac_out0tac_in_307Hz_005_29102024
54,5904.243,-9.7e-07,Na_300ms_470V__1tac_out0tac_in_307Hz_005_29102024
55,5904.5464,-1.13e-06,Na_300ms_470V__1tac_out0tac_in_307Hz_005_29102024
