,wl,mean,meta
0,5887.636,1.3e-05,Na_300ms_410V_004_17102024
1,5887.9087,1.3e-05,Na_300ms_410V_004_17102024
2,5888.1826,1.3e-05,Na_300ms_410V_004_17102024
3,5888.455,1.6e-05,Na_300ms_410V_004_17102024
4,5888.7275,1.6e-05,Na_300ms_410V_004_17102024
5,5888.9995,1.867e-05,Na_300ms_410V_004_17102024
6,5889.272,2.5e-05,Na_300ms_410V_004_17102024
7,5889.5464,3e-05,Na_300ms_410V_004_17102024
8,5889.8184,4.1e-05,Na_300ms_410V_004_17102024
9,5890.091,5.3e-05,Na_300ms_410V_004_17102024
10,5890.3633,6.8e-05,Na_300ms_410V_004_17102024
11,5890.637,8.8e-05,Na_300ms_410V_004_17102024
12,5890.9097,0.00010967,Na_300ms_410V_004_17102024
13,5891.182,0.00014533,Na_300ms_410V_004_17102024
14,5891.454,0.00020267,Na_300ms_410V_004_17102024
15,5891.7266,0.00030767,Na_300ms_410V_004_17102024
16,5892.001,0.000471,Na_300ms_410V_004_17102024
17,5892.273,0.00071033,Na_300ms_410V_004_17102024
18,5892.5454,0.001037,Na_300ms_410V_004_17102024
19,5892.818,0.00143933,Na_300ms_410V_004_17102024
20,5893.09,0.001811,Na_300ms_410V_004_17102024
21,5893.3643,0.002288,Na_300ms_410V_004_17102024
22,5893.6367,0.002722,Na_300ms_410V_004_17102024
23,5893.9087,0.00298867,Na_300ms_410V_004_17102024
24,5894.181,0.00309533,Na_300ms_410V_004_17102024
25,5894.4556,0.00303167,Na_300ms_410V_004_17102024
26,5894.7275,0.00281867,Na_300ms_410V_004_17102024
27,5895.0,0.00245833,Na_300ms_410V_004_17102024
28,5895.2725,0.00199033,Na_300ms_410V_004_17102024
29,5895.5444,0.00152533,Na_300ms_410V_004_17102024
30,5895.819,0.001126,Na_300ms_410V_004_17102024
31,5896.0913,0.00077433,Na_300ms_410V_004_17102024
32,5896.3633,0.00052367,Na_300ms_410V_004_17102024
33,5896.6357,0.000346,Na_300ms_410V_004_17102024
34,5896.91,0.00024833,Na_300ms_410V_004_17102024
35,5897.182,0.000226,Na_300ms_410V_004_17102024
36,5897.4546,0.000266,Na_300ms_410V_004_17102024
37,5897.727,0.00037767,Na_300ms_410V_004_17102024
38,5897.999,0.000537,Na_300ms_410V_004_17102024
39,5898.2734,0.00075867,Na_300ms_410V_004_17102024
40,5898.546,0.00100933,Na_300ms_410V_004_17102024
41,5898.818,0.001306,Na_300ms_410V_004_17102024
42,5899.0903,0.00159933,Na_300ms_410V_004_17102024
43,5899.363,0.00176867,Na_300ms_410V_004_17102024
44,5899.6367,0.00197633,Na_300ms_410V_004_17102024
45,5899.909,0.002047,Na_300ms_410V_004_17102024
46,5900.1816,0.002045,Na_300ms_410V_004_17102024
47,5900.4536,0.001925,Na_300ms_410V_004_17102024
48,5900.728,0.001697,Na_300ms_410V_004_17102024
49,5901.0005,0.00141333,Na_300ms_410V_004_17102024
50,5901.2725,0.00113367,Na_300ms_410V_004_17102024
51,5901.545,0.00084,Na_300ms_410V_004_17102024
52,5901.8174,0.00058,Na_300ms_410V_004_17102024
53,5902.0913,0.000362,Na_300ms_410V_004_17102024
54,5902.364,0.00022033,Na_300ms_410V_004_17102024
55,5902.636,0.00011767,Na_300ms_410V_004_17102024
56,5902.9087,6.367e-05,Na_300ms_410V_004_17102024
57,5903.1826,3.633e-05,Na_300ms_410V_004_17102024
58,5903.455,2e-05,Na_300ms_410V_004_17102024
59,5903.7275,1.867e-05,Na_300ms_410V_004_17102024
60,5903.9995,1.8e-05,Na_300ms_410V_004_17102024
61,5904.272,1.133e-05,Na_300ms_410V_004_17102024
62,5904.5464,7e-06,Na_300ms_410V_004_17102024
63,5904.8184,1.3e-05,Na_300ms_410V_004_17102024
64,5905.091,8.67e-06,Na_300ms_410V_004_17102024
65,5905.3633,5e-06,Na_300ms_410V_004_17102024
66,5905.637,5e-06,Na_300ms_410V_004_17102024
67,5905.9097,7e-06,Na_300ms_410V_004_17102024
68,5906.182,6e-06,Na_300ms_410V_004_17102024
69,5906.454,5e-06,Na_300ms_410V_004_17102024
70,5906.7266,5e-06,Na_300ms_410V_004_17102024
71,5907.001,3.67e-06,Na_300ms_410V_004_17102024
