,wl,mean,meta
0,5885.147,8e-06,Na_300ms_410V__001_17102024
1,5885.8594,8e-06,Na_300ms_410V__001_17102024
2,5886.5723,1.3e-05,Na_300ms_410V__001_17102024
3,5887.2827,1.3e-05,Na_300ms_410V__001_17102024
4,5887.9956,1.7e-05,Na_300ms_410V__001_17102024
5,5888.708,2.167e-05,Na_300ms_410V__001_17102024
6,5889.4204,3e-05,Na_300ms_410V__001_17102024
7,5890.1333,5.267e-05,Na_300ms_410V__001_17102024
8,5890.8438,0.00012467,Na_300ms_410V__001_17102024
9,5891.5566,0.00047133,Na_300ms_410V__001_17102024
10,5892.269,0.001457,Na_300ms_410V__001_17102024
11,5892.982,0.00309433,Na_300ms_410V__001_17102024
12,5893.6924,0.004341,Na_300ms_410V__001_17102024
13,5894.4053,0.004482,Na_300ms_410V__001_17102024
14,5895.1177,0.00344533,Na_300ms_410V__001_17102024
15,5895.8306,0.001927,Na_300ms_410V__001_17102024
16,5896.541,0.00082533,Na_300ms_410V__001_17102024
17,5897.254,0.000617,Na_300ms_410V__001_17102024
18,5897.9663,0.00132533,Na_300ms_410V__001_17102024
19,5898.679,0.00238433,Na_300ms_410V__001_17102024
20,5899.3916,0.00297267,Na_300ms_410V__001_17102024
21,5900.1025,0.00290667,Na_300ms_410V__001_17102024
22,5900.815,0.00221967,Na_300ms_410V__001_17102024
23,5901.528,0.00125267,Na_300ms_410V__001_17102024
24,5902.24,0.00048867,Na_300ms_410V__001_17102024
25,5902.951,0.00011033,Na_300ms_410V__001_17102024
26,5903.6636,3.933e-05,Na_300ms_410V__001_17102024
27,5904.376,2.667e-05,Na_300ms_410V__001_17102024
28,5905.089,2.5e-05,Na_300ms_410V__001_17102024
29,5905.7993,1.7e-05,Na_300ms_410V__001_17102024
30,5906.512,1.6e-05,Na_300ms_410V__001_17102024
31,5907.2246,1.433e-05,Na_300ms_410V__001_17102024
