,wl,mean,meta
0,5887.273,1.33e-06,Na_300ms_510V__1tac_307Hz_002_29102024
1,5887.576,1.33e-06,Na_300ms_510V__1tac_307Hz_002_29102024
2,5887.8794,2e-06,Na_300ms_510V__1tac_307Hz_002_29102024
3,5888.1826,2e-06,Na_300ms_510V__1tac_307Hz_002_29102024
4,5888.484,3e-06,Na_300ms_510V__1tac_307Hz_002_29102024
5,5888.787,4e-06,Na_300ms_510V__1tac_307Hz_002_29102024
6,5889.0903,6e-06,Na_300ms_510V__1tac_307Hz_002_29102024
7,5889.3936,7e-06,Na_300ms_510V__1tac_307Hz_002_29102024
8,5889.697,1.2e-05,Na_300ms_510V__1tac_307Hz_002_29102024
9,5890.0,1.567e-05,Na_300ms_510V__1tac_307Hz_002_29102024
10,5890.303,2.967e-05,Na_300ms_510V__1tac_307Hz_002_29102024
11,5890.6064,9.333e-05,Na_300ms_510V__1tac_307Hz_002_29102024
12,5890.9097,0.000246,Na_300ms_510V__1tac_307Hz_002_29102024
13,5891.213,0.00045967,Na_300ms_510V__1tac_307Hz_002_29102024
14,5891.516,0.000631,Na_300ms_510V__1tac_307Hz_002_29102024
15,5891.8174,0.00078967,Na_300ms_510V__1tac_307Hz_002_29102024
16,5892.1206,0.00082533,Na_300ms_510V__1tac_307Hz_002_29102024
17,5892.424,0.00079667,Na_300ms_510V__1tac_307Hz_002_29102024
18,5892.727,0.000792,Na_300ms_510V__1tac_307Hz_002_29102024
19,5893.0303,0.00078333,Na_300ms_510V__1tac_307Hz_002_29102024
20,5893.3335,0.000745,Na_300ms_510V__1tac_307Hz_002_29102024
21,5893.6367,0.000712,Na_300ms_510V__1tac_307Hz_002_29102024
22,5893.94,0.00072133,Na_300ms_510V__1tac_307Hz_002_29102024
23,5894.243,0.00076367,Na_300ms_510V__1tac_307Hz_002_29102024
24,5894.5464,0.000839,Na_300ms_510V__1tac_307Hz_002_29102024
25,5894.849,0.00090467,Na_300ms_510V__1tac_307Hz_002_29102024
26,5895.151,0.00094667,Na_300ms_510V__1tac_307Hz_002_29102024
27,5895.4536,0.00097,Na_300ms_510V__1tac_307Hz_002_29102024
28,5895.757,0.00096733,Na_300ms_510V__1tac_307Hz_002_29102024
29,5896.06,0.00094367,Na_300ms_510V__1tac_307Hz_002_29102024
30,5896.3633,0.00095767,Na_300ms_510V__1tac_307Hz_002_29102024
31,5896.6665,0.00101467,Na_300ms_510V__1tac_307Hz_002_29102024
32,5896.9697,0.00104967,Na_300ms_510V__1tac_307Hz_002_29102024
33,5897.273,0.00103867,Na_300ms_510V__1tac_307Hz_002_29102024
34,5897.576,0.00092033,Na_300ms_510V__1tac_307Hz_002_29102024
35,5897.8794,0.00074167,Na_300ms_510V__1tac_307Hz_002_29102024
36,5898.1826,0.000618,Na_300ms_510V__1tac_307Hz_002_29102024
37,5898.484,0.00058733,Na_300ms_510V__1tac_307Hz_002_29102024
38,5898.787,0.00055867,Na_300ms_510V__1tac_307Hz_002_29102024
39,5899.0903,0.00052733,Na_300ms_510V__1tac_307Hz_002_29102024
40,5899.3936,0.00051333,Na_300ms_510V__1tac_307Hz_002_29102024
41,5899.697,0.00052067,Na_300ms_510V__1tac_307Hz_002_29102024
42,5900.0,0.00054367,Na_300ms_510V__1tac_307Hz_002_29102024
43,5900.303,0.000604,Na_300ms_510V__1tac_307Hz_002_29102024
44,5900.6064,0.000646,Na_300ms_510V__1tac_307Hz_002_29102024
45,5900.9097,0.00066767,Na_300ms_510V__1tac_307Hz_002_29102024
46,5901.213,0.00068633,Na_300ms_510V__1tac_307Hz_002_29102024
47,5901.516,0.00068233,Na_300ms_510V__1tac_307Hz_002_29102024
48,5901.8174,0.00065133,Na_300ms_510V__1tac_307Hz_002_29102024
49,5902.1206,0.00060467,Na_300ms_510V__1tac_307Hz_002_29102024
50,5902.424,0.00054667,Na_300ms_510V__1tac_307Hz_002_29102024
51,5902.727,0.00047733,Na_300ms_510V__1tac_307Hz_002_29102024
52,5903.0303,0.00039267,Na_300ms_510V__1tac_307Hz_002_29102024
53,5903.3335,0.00027333,Na_300ms_510V__1tac_307Hz_002_29102024
54,5903.6367,0.00014533,Na_300ms_510V__1tac_307Hz_002_29102024
55,5903.94,5.733e-05,Na_300ms_510V__1tac_307Hz_002_29102024
56,5904.243,2e-05,Na_300ms_510V__1tac_307Hz_002_29102024
57,5904.5464,1e-05,Na_300ms_510V__1tac_307Hz_002_29102024
58,5904.849,7e-06,Na_300ms_510V__1tac_307Hz_002_29102024
59,5905.151,6e-06,Na_300ms_510V__1tac_307Hz_002_29102024
60,5905.4536,5e-06,Na_300ms_510V__1tac_307Hz_002_29102024
61,5905.757,3e-06,Na_300ms_510V__1tac_307Hz_002_29102024
62,5906.06,2e-06,Na_300ms_510V__1tac_307Hz_002_29102024
