,wl,mean,meta
0,5887.8794,-5e-07,Na_300ms_473V__1tac_out0tac_in_307Hz_006_29102024
1,5888.1826,-6e-07,Na_300ms_473V__1tac_out0tac_in_307Hz_006_29102024
2,5888.484,-3.7e-07,Na_300ms_473V__1tac_out0tac_in_307Hz_006_29102024
3,5888.787,-2.7e-07,Na_300ms_473V__1tac_out0tac_in_307Hz_006_29102024
4,5889.0903,-1e-07,Na_300ms_473V__1tac_out0tac_in_307Hz_006_29102024
5,5889.3936,2e-07,Na_300ms_473V__1tac_out0tac_in_307Hz_006_29102024
6,5889.697,5e-07,Na_300ms_473V__1tac_out0tac_in_307Hz_006_29102024
7,5890.0,7e-07,Na_300ms_473V__1tac_out0tac_in_307Hz_006_29102024
8,5890.303,1.53e-06,Na_300ms_473V__1tac_out0tac_in_307Hz_006_29102024
9,5890.6064,2.53e-06,Na_300ms_473V__1tac_out0tac_in_307Hz_006_29102024
10,5890.9097,6.37e-06,Na_300ms_473V__1tac_out0tac_in_307Hz_006_29102024
11,5891.213,1.747e-05,Na_300ms_473V__1tac_out0tac_in_307Hz_006_29102024
12,5891.516,3.593e-05,Na_300ms_473V__1tac_out0tac_in_307Hz_006_29102024
13,5891.8174,5.887e-05,Na_300ms_473V__1tac_out0tac_in_307Hz_006_29102024
14,5892.1206,9.043e-05,Na_300ms_473V__1tac_out0tac_in_307Hz_006_29102024
15,5892.424,0.00012897,Na_300ms_473V__1tac_out0tac_in_307Hz_006_29102024
16,5892.727,0.0001671,Na_300ms_473V__1tac_out0tac_in_307Hz_006_29102024
17,5893.0303,0.00021603,Na_300ms_473V__1tac_out0tac_in_307Hz_006_29102024
18,5893.3335,0.00028733,Na_300ms_473V__1tac_out0tac_in_307Hz_006_29102024
19,5893.6367,0.0003166,Na_300ms_473V__1tac_out0tac_in_307Hz_006_29102024
20,5893.94,0.0003147,Na_300ms_473V__1tac_out0tac_in_307Hz_006_29102024
21,5894.243,0.00024177,Na_300ms_473V__1tac_out0tac_in_307Hz_006_29102024
22,5894.5464,0.0001336,Na_300ms_473V__1tac_out0tac_in_307Hz_006_29102024
23,5894.849,7.187e-05,Na_300ms_473V__1tac_out0tac_in_307Hz_006_29102024
24,5895.151,4.953e-05,Na_300ms_473V__1tac_out0tac_in_307Hz_006_29102024
25,5895.4536,3.777e-05,Na_300ms_473V__1tac_out0tac_in_307Hz_006_29102024
26,5895.757,2.56e-05,Na_300ms_473V__1tac_out0tac_in_307Hz_006_29102024
27,5896.06,1.447e-05,Na_300ms_473V__1tac_out0tac_in_307Hz_006_29102024
28,5896.3633,7.7e-06,Na_300ms_473V__1tac_out0tac_in_307Hz_006_29102024
29,5896.6665,1.003e-05,Na_300ms_473V__1tac_out0tac_in_307Hz_006_29102024
30,5896.9697,1.943e-05,Na_300ms_473V__1tac_out0tac_in_307Hz_006_29102024
31,5897.273,3.487e-05,Na_300ms_473V__1tac_out0tac_in_307Hz_006_29102024
32,5897.576,5.22e-05,Na_300ms_473V__1tac_out0tac_in_307Hz_006_29102024
33,5897.8794,7.563e-05,Na_300ms_473V__1tac_out0tac_in_307Hz_006_29102024
34,5898.1826,0.00010087,Na_300ms_473V__1tac_out0tac_in_307Hz_006_29102024
35,5898.484,0.0001268,Na_300ms_473V__1tac_out0tac_in_307Hz_006_29102024
36,5898.787,0.0001697,Na_300ms_473V__1tac_out0tac_in_307Hz_006_29102024
37,5899.0903,0.0002082,Na_300ms_473V__1tac_out0tac_in_307Hz_006_29102024
38,5899.3936,0.00022037,Na_300ms_473V__1tac_out0tac_in_307Hz_006_29102024
39,5899.697,0.00021603,Na_300ms_473V__1tac_out0tac_in_307Hz_006_29102024
40,5900.0,0.00016077,Na_300ms_473V__1tac_out0tac_in_307Hz_006_29102024
41,5900.303,8.287e-05,Na_300ms_473V__1tac_out0tac_in_307Hz_006_29102024
42,5900.6064,4.58e-05,Na_300ms_473V__1tac_out0tac_in_307Hz_006_29102024
43,5900.9097,3.227e-05,Na_300ms_473V__1tac_out0tac_in_307Hz_006_29102024
44,5901.213,2.553e-05,Na_300ms_473V__1tac_out0tac_in_307Hz_006_29102024
45,5901.516,1.743e-05,Na_300ms_473V__1tac_out0tac_in_307Hz_006_29102024
46,5901.8174,9.1e-06,Na_300ms_473V__1tac_out0tac_in_307Hz_006_29102024
47,5902.1206,2.77e-06,Na_300ms_473V__1tac_out0tac_in_307Hz_006_29102024
48,5902.424,7e-07,Na_300ms_473V__1tac_out0tac_in_307Hz_006_29102024
49,5902.727,3.7e-07,Na_300ms_473V__1tac_out0tac_in_307Hz_006_29102024
50,5903.0303,-7e-08,Na_300ms_473V__1tac_out0tac_in_307Hz_006_29102024
51,5903.3335,-2.7e-07,Na_300ms_473V__1tac_out0tac_in_307Hz_006_29102024
52,5903.6367,0.0,Na_300ms_473V__1tac_out0tac_in_307Hz_006_29102024
53,5903.94,-3.3e-07,Na_300ms_473V__1tac_out0tac_in_307Hz_006_29102024
54,5904.243,-7e-07,Na_300ms_473V__1tac_out0tac_in_307Hz_006_29102024
55,5904.5464,-6e-07,Na_300ms_473V__1tac_out0tac_in_307Hz_006_29102024
