,wl,mean,meta
0,5887.1206,6.7e-07,Na_300ms_410V_005_17102024
1,5887.426,0.0,Na_300ms_410V_005_17102024
2,5887.731,3.3e-07,Na_300ms_410V_005_17102024
3,5888.036,1e-06,Na_300ms_410V_005_17102024
4,5888.341,1.83e-06,Na_300ms_410V_005_17102024
5,5888.646,1.33e-06,Na_300ms_410V_005_17102024
6,5888.951,1e-06,Na_300ms_410V_005_17102024
7,5889.2563,1.17e-06,Na_300ms_410V_005_17102024
8,5889.5615,2.5e-06,Na_300ms_410V_005_17102024
9,5889.8667,4.67e-06,Na_300ms_410V_005_17102024
10,5890.172,7.17e-06,Na_300ms_410V_005_17102024
11,5890.477,1.05e-05,Na_300ms_410V_005_17102024
12,5890.782,1.55e-05,Na_300ms_410V_005_17102024
13,5891.0874,2.167e-05,Na_300ms_410V_005_17102024
14,5891.3926,2.933e-05,Na_300ms_410V_005_17102024
15,5891.6978,3.867e-05,Na_300ms_410V_005_17102024
16,5892.003,4.983e-05,Na_300ms_410V_005_17102024
17,5892.3076,6.883e-05,Na_300ms_410V_005_17102024
18,5892.613,1e-04,Na_300ms_410V_005_17102024
19,5892.918,0.00016133,Na_300ms_410V_005_17102024
20,5893.221,0.000263,Na_300ms_410V_005_17102024
21,5893.5264,0.0004125,Na_300ms_410V_005_17102024
22,5893.8315,0.00059483,Na_300ms_410V_005_17102024
23,5894.1367,0.00075767,Na_300ms_410V_005_17102024
24,5894.442,0.00083817,Na_300ms_410V_005_17102024
25,5894.747,0.00082567,Na_300ms_410V_005_17102024
26,5895.0522,0.0007085,Na_300ms_410V_005_17102024
27,5895.3574,0.00054717,Na_300ms_410V_005_17102024
28,5895.6626,0.00035367,Na_300ms_410V_005_17102024
29,5895.968,0.00019567,Na_300ms_410V_005_17102024
30,5896.2725,9.833e-05,Na_300ms_410V_005_17102024
31,5896.5776,5.083e-05,Na_300ms_410V_005_17102024
32,5896.883,3.867e-05,Na_300ms_410V_005_17102024
33,5897.188,3.717e-05,Na_300ms_410V_005_17102024
34,5897.493,4.083e-05,Na_300ms_410V_005_17102024
35,5897.7983,4.95e-05,Na_300ms_410V_005_17102024
36,5898.1035,6.483e-05,Na_300ms_410V_005_17102024
37,5898.4087,9.483e-05,Na_300ms_410V_005_17102024
38,5898.714,0.0001505,Na_300ms_410V_005_17102024
39,5899.019,0.00023917,Na_300ms_410V_005_17102024
40,5899.324,0.00033583,Na_300ms_410V_005_17102024
41,5899.6294,0.00044733,Na_300ms_410V_005_17102024
42,5899.9326,0.0005295,Na_300ms_410V_005_17102024
43,5900.2373,0.00056417,Na_300ms_410V_005_17102024
44,5900.5425,0.0005305,Na_300ms_410V_005_17102024
45,5900.8477,0.00044967,Na_300ms_410V_005_17102024
46,5901.153,0.00033433,Na_300ms_410V_005_17102024
47,5901.458,0.000211,Na_300ms_410V_005_17102024
48,5901.763,0.0001085,Na_300ms_410V_005_17102024
49,5902.0684,4.433e-05,Na_300ms_410V_005_17102024
50,5902.3735,1.8e-05,Na_300ms_410V_005_17102024
51,5902.6787,9.67e-06,Na_300ms_410V_005_17102024
52,5902.984,7.33e-06,Na_300ms_410V_005_17102024
53,5903.289,5.83e-06,Na_300ms_410V_005_17102024
54,5903.594,5e-06,Na_300ms_410V_005_17102024
55,5903.8994,3.67e-06,Na_300ms_410V_005_17102024
56,5904.204,3.33e-06,Na_300ms_410V_005_17102024
57,5904.5093,2.67e-06,Na_300ms_410V_005_17102024
58,5904.8145,2.17e-06,Na_300ms_410V_005_17102024
59,5905.1196,1.33e-06,Na_300ms_410V_005_17102024
60,5905.425,1.17e-06,Na_300ms_410V_005_17102024
61,5905.73,1e-06,Na_300ms_410V_005_17102024
62,5906.035,1e-06,Na_300ms_410V_005_17102024
63,5906.3403,6.7e-07,Na_300ms_410V_005_17102024
64,5906.6436,1.17e-06,Na_300ms_410V_005_17102024
