,wl,mean,meta
0,5887.6997,3.3e-07,Na_300ms_410V_006_17102024
1,5887.8003,8.3e-07,Na_300ms_410V_006_17102024
2,5887.901,1e-06,Na_300ms_410V_006_17102024
3,5887.999,1.33e-06,Na_300ms_410V_006_17102024
4,5888.0996,8.3e-07,Na_300ms_410V_006_17102024
5,5888.2,6.7e-07,Na_300ms_410V_006_17102024
6,5888.3003,1e-06,Na_300ms_410V_006_17102024
7,5888.401,1.83e-06,Na_300ms_410V_006_17102024
8,5888.4995,1.83e-06,Na_300ms_410V_006_17102024
9,5888.5996,1e-06,Na_300ms_410V_006_17102024
10,5888.7,1.33e-06,Na_300ms_410V_006_17102024
11,5888.801,1.17e-06,Na_300ms_410V_006_17102024
12,5888.8994,2.17e-06,Na_300ms_410V_006_17102024
13,5888.9995,2.17e-06,Na_300ms_410V_006_17102024
14,5889.1,2.5e-06,Na_300ms_410V_006_17102024
15,5889.2007,2.5e-06,Na_300ms_410V_006_17102024
16,5889.301,2.5e-06,Na_300ms_410V_006_17102024
17,5889.3994,2.33e-06,Na_300ms_410V_006_17102024
18,5889.5,2.83e-06,Na_300ms_410V_006_17102024
19,5889.6,3e-06,Na_300ms_410V_006_17102024
20,5889.7007,3.83e-06,Na_300ms_410V_006_17102024
21,5889.7993,4e-06,Na_300ms_410V_006_17102024
22,5889.8994,4.67e-06,Na_300ms_410V_006_17102024
23,5890.0,5.17e-06,Na_300ms_410V_006_17102024
24,5890.1006,5.67e-06,Na_300ms_410V_006_17102024
25,5890.2007,6.83e-06,Na_300ms_410V_006_17102024
26,5890.2993,8.17e-06,Na_300ms_410V_006_17102024
27,5890.4,9.67e-06,Na_300ms_410V_006_17102024
28,5890.5,1.117e-05,Na_300ms_410V_006_17102024
29,5890.6006,1.3e-05,Na_300ms_410V_006_17102024
30,5890.699,1.45e-05,Na_300ms_410V_006_17102024
31,5890.7993,1.6e-05,Na_300ms_410V_006_17102024
32,5890.9,1.883e-05,Na_300ms_410V_006_17102024
33,5891.0005,2.083e-05,Na_300ms_410V_006_17102024
34,5891.1006,2.35e-05,Na_300ms_410V_006_17102024
35,5891.199,2.5e-05,Na_300ms_410V_006_17102024
36,5891.3,2.717e-05,Na_300ms_410V_006_17102024
37,5891.4004,2.933e-05,Na_300ms_410V_006_17102024
38,5891.5005,3.25e-05,Na_300ms_410V_006_17102024
39,5891.599,3.433e-05,Na_300ms_410V_006_17102024
40,5891.6997,3.8e-05,Na_300ms_410V_006_17102024
41,5891.8,4.267e-05,Na_300ms_410V_006_17102024
42,5891.9004,4.7e-05,Na_300ms_410V_006_17102024
43,5892.001,5.117e-05,Na_300ms_410V_006_17102024
44,5892.099,5.533e-05,Na_300ms_410V_006_17102024
45,5892.1997,6.083e-05,Na_300ms_410V_006_17102024
46,5892.3003,6.617e-05,Na_300ms_410V_006_17102024
47,5892.4004,7.7e-05,Na_300ms_410V_006_17102024
48,5892.501,8.683e-05,Na_300ms_410V_006_17102024
49,5892.5996,9.583e-05,Na_300ms_410V_006_17102024
50,5892.6997,0.0001115,Na_300ms_410V_006_17102024
51,5892.8003,0.00012833,Na_300ms_410V_006_17102024
52,5892.901,0.00014717,Na_300ms_410V_006_17102024
53,5892.999,0.000171,Na_300ms_410V_006_17102024
54,5893.0996,0.00020217,Na_300ms_410V_006_17102024
55,5893.2,0.00023983,Na_300ms_410V_006_17102024
56,5893.3003,0.00027233,Na_300ms_410V_006_17102024
57,5893.401,0.00031683,Na_300ms_410V_006_17102024
58,5893.4995,0.00036483,Na_300ms_410V_006_17102024
59,5893.5996,0.00044,Na_300ms_410V_006_17102024
60,5893.7,0.00050067,Na_300ms_410V_006_17102024
61,5893.801,0.00056317,Na_300ms_410V_006_17102024
62,5893.8994,0.000628,Na_300ms_410V_006_17102024
63,5893.9995,0.0006845,Na_300ms_410V_006_17102024
64,5894.1,0.0007375,Na_300ms_410V_006_17102024
65,5894.2007,0.00077233,Na_300ms_410V_006_17102024
66,5894.301,0.00080233,Na_300ms_410V_006_17102024
67,5894.3994,0.000832,Na_300ms_410V_006_17102024
68,5894.5,0.0008435,Na_300ms_410V_006_17102024
69,5894.6,0.00084817,Na_300ms_410V_006_17102024
70,5894.7007,0.000837,Na_300ms_410V_006_17102024
71,5894.7993,0.0008185,Na_300ms_410V_006_17102024
72,5894.8994,0.00079017,Na_300ms_410V_006_17102024
73,5895.0,0.00074783,Na_300ms_410V_006_17102024
74,5895.1006,0.00070467,Na_300ms_410V_006_17102024
75,5895.2007,0.00066117,Na_300ms_410V_006_17102024
76,5895.2993,0.00060183,Na_300ms_410V_006_17102024
77,5895.4,0.00054067,Na_300ms_410V_006_17102024
78,5895.5,0.00047667,Na_300ms_410V_006_17102024
79,5895.6006,0.00041667,Na_300ms_410V_006_17102024
80,5895.699,0.00035633,Na_300ms_410V_006_17102024
81,5895.7993,0.0002995,Na_300ms_410V_006_17102024
82,5895.9,0.00024233,Na_300ms_410V_006_17102024
83,5896.0005,0.00019467,Na_300ms_410V_006_17102024
84,5896.1006,0.00015583,Na_300ms_410V_006_17102024
85,5896.199,0.000124,Na_300ms_410V_006_17102024
86,5896.3,9.7e-05,Na_300ms_410V_006_17102024
87,5896.4004,7.6e-05,Na_300ms_410V_006_17102024
88,5896.5005,6.167e-05,Na_300ms_410V_006_17102024
89,5896.599,5.217e-05,Na_300ms_410V_006_17102024
90,5896.6997,4.533e-05,Na_300ms_410V_006_17102024
91,5896.8,4.067e-05,Na_300ms_410V_006_17102024
92,5896.9004,3.833e-05,Na_300ms_410V_006_17102024
93,5897.001,3.733e-05,Na_300ms_410V_006_17102024
94,5897.099,3.7e-05,Na_300ms_410V_006_17102024
95,5897.1997,3.667e-05,Na_300ms_410V_006_17102024
96,5897.3003,3.733e-05,Na_300ms_410V_006_17102024
97,5897.4004,3.917e-05,Na_300ms_410V_006_17102024
98,5897.501,4.05e-05,Na_300ms_410V_006_17102024
99,5897.5996,4.183e-05,Na_300ms_410V_006_17102024
100,5897.6997,4.4e-05,Na_300ms_410V_006_17102024
101,5897.8003,4.817e-05,Na_300ms_410V_006_17102024
102,5897.901,5.217e-05,Na_300ms_410V_006_17102024
103,5897.999,5.6e-05,Na_300ms_410V_006_17102024
104,5898.0996,6.083e-05,Na_300ms_410V_006_17102024
105,5898.2,6.85e-05,Na_300ms_410V_006_17102024
106,5898.3003,7.767e-05,Na_300ms_410V_006_17102024
107,5898.401,8.867e-05,Na_300ms_410V_006_17102024
108,5898.4995,0.00010167,Na_300ms_410V_006_17102024
109,5898.5996,0.00011733,Na_300ms_410V_006_17102024
110,5898.7,0.0001355,Na_300ms_410V_006_17102024
111,5898.801,0.0001585,Na_300ms_410V_006_17102024
112,5898.8994,0.00018167,Na_300ms_410V_006_17102024
113,5898.9995,0.00021533,Na_300ms_410V_006_17102024
114,5899.1,0.0002375,Na_300ms_410V_006_17102024
115,5899.2007,0.00025433,Na_300ms_410V_006_17102024
116,5899.301,0.0002865,Na_300ms_410V_006_17102024
117,5899.3994,0.00032067,Na_300ms_410V_006_17102024
118,5899.5,0.00035983,Na_300ms_410V_006_17102024
119,5899.6,0.000398,Na_300ms_410V_006_17102024
120,5899.7007,0.000438,Na_300ms_410V_006_17102024
121,5899.7993,0.00047567,Na_300ms_410V_006_17102024
122,5899.8994,0.00048867,Na_300ms_410V_006_17102024
123,5900.0,0.000532,Na_300ms_410V_006_17102024
124,5900.1006,0.00055683,Na_300ms_410V_006_17102024
125,5900.2007,0.00056767,Na_300ms_410V_006_17102024
126,5900.2993,0.00057383,Na_300ms_410V_006_17102024
127,5900.4,0.00056867,Na_300ms_410V_006_17102024
128,5900.5,0.00055917,Na_300ms_410V_006_17102024
129,5900.6006,0.00054167,Na_300ms_410V_006_17102024
130,5900.699,0.0005215,Na_300ms_410V_006_17102024
131,5900.7993,0.000495,Na_300ms_410V_006_17102024
132,5900.9,0.000464,Na_300ms_410V_006_17102024
133,5901.0005,0.0004295,Na_300ms_410V_006_17102024
134,5901.1006,0.00039733,Na_300ms_410V_006_17102024
135,5901.199,0.00035683,Na_300ms_410V_006_17102024
136,5901.3,0.00031017,Na_300ms_410V_006_17102024
137,5901.4004,0.00026717,Na_300ms_410V_006_17102024
138,5901.5005,0.00022667,Na_300ms_410V_006_17102024
139,5901.599,0.00019083,Na_300ms_410V_006_17102024
140,5901.6997,0.0001515,Na_300ms_410V_006_17102024
141,5901.8,0.00012017,Na_300ms_410V_006_17102024
142,5901.9004,9.217e-05,Na_300ms_410V_006_17102024
143,5902.001,6.8e-05,Na_300ms_410V_006_17102024
144,5902.099,5.05e-05,Na_300ms_410V_006_17102024
145,5902.1997,3.8e-05,Na_300ms_410V_006_17102024
146,5902.3003,2.783e-05,Na_300ms_410V_006_17102024
147,5902.4004,2.133e-05,Na_300ms_410V_006_17102024
148,5902.501,1.717e-05,Na_300ms_410V_006_17102024
149,5902.5996,1.417e-05,Na_300ms_410V_006_17102024
150,5902.6997,1.117e-05,Na_300ms_410V_006_17102024
151,5902.8003,8.5e-06,Na_300ms_410V_006_17102024
152,5902.901,8.33e-06,Na_300ms_410V_006_17102024
153,5902.999,7.83e-06,Na_300ms_410V_006_17102024
154,5903.0996,7.5e-06,Na_300ms_410V_006_17102024
155,5903.2,6e-06,Na_300ms_410V_006_17102024
156,5903.3003,5e-06,Na_300ms_410V_006_17102024
157,5903.401,4.83e-06,Na_300ms_410V_006_17102024
158,5903.4995,5.33e-06,Na_300ms_410V_006_17102024
159,5903.5996,5.17e-06,Na_300ms_410V_006_17102024
160,5903.7,3.83e-06,Na_300ms_410V_006_17102024
161,5903.801,3.5e-06,Na_300ms_410V_006_17102024
162,5903.8994,3.5e-06,Na_300ms_410V_006_17102024
163,5903.9995,4.17e-06,Na_300ms_410V_006_17102024
164,5904.1,3.5e-06,Na_300ms_410V_006_17102024
165,5904.2007,2.67e-06,Na_300ms_410V_006_17102024
166,5904.301,3e-06,Na_300ms_410V_006_17102024
167,5904.3994,3.33e-06,Na_300ms_410V_006_17102024
168,5904.5,2.33e-06,Na_300ms_410V_006_17102024
169,5904.6,2.5e-06,Na_300ms_410V_006_17102024
170,5904.7007,3e-06,Na_300ms_410V_006_17102024
171,5904.7993,2.83e-06,Na_300ms_410V_006_17102024
172,5904.8994,1.5e-06,Na_300ms_410V_006_17102024
173,5905.0,1.67e-06,Na_300ms_410V_006_17102024
174,5905.1006,2e-06,Na_300ms_410V_006_17102024
175,5905.2007,2.67e-06,Na_300ms_410V_006_17102024
176,5905.2993,2.17e-06,Na_300ms_410V_006_17102024
177,5905.4,1.67e-06,Na_300ms_410V_006_17102024
178,5905.5,8.3e-07,Na_300ms_410V_006_17102024
179,5905.6006,1.33e-06,Na_300ms_410V_006_17102024
180,5905.699,2.17e-06,Na_300ms_410V_006_17102024
181,5905.7993,1.83e-06,Na_300ms_410V_006_17102024
182,5905.9,1.67e-06,Na_300ms_410V_006_17102024
183,5906.0005,1e-06,Na_300ms_410V_006_17102024
184,5906.1006,8.3e-07,Na_300ms_410V_006_17102024
185,5906.199,1.17e-06,Na_300ms_410V_006_17102024
186,5906.3,1.33e-06,Na_300ms_410V_006_17102024
187,5906.4004,1.33e-06,Na_300ms_410V_006_17102024
188,5906.5005,8.3e-07,Na_300ms_410V_006_17102024
189,5906.599,5e-07,Na_300ms_410V_006_17102024
190,5906.6997,8.3e-07,Na_300ms_410V_006_17102024
191,5906.8,1.33e-06,Na_300ms_410V_006_17102024
192,5906.9004,1.17e-06,Na_300ms_410V_006_17102024
193,5907.001,5e-07,Na_300ms_410V_006_17102024
194,5907.099,5e-07,Na_300ms_410V_006_17102024
195,5907.1997,1.17e-06,Na_300ms_410V_006_17102024
