,wl,mean,meta
0,5887.078,-5e-08,Na_300ms_410V_007_17102024
1,5887.1978,1.2e-07,Na_300ms_410V_007_17102024
2,5887.3193,1e-07,Na_300ms_410V_007_17102024
3,5887.441,2.2e-07,Na_300ms_410V_007_17102024
4,5887.563,-8e-08,Na_300ms_410V_007_17102024
5,5887.6846,1.3e-07,Na_300ms_410V_007_17102024
6,5887.804,1.8e-07,Na_300ms_410V_007_17102024
7,5887.926,7e-08,Na_300ms_410V_007_17102024
8,5888.0474,7e-08,Na_300ms_410V_007_17102024
9,5888.169,-2e-07,Na_300ms_410V_007_17102024
10,5888.291,2.2e-07,Na_300ms_410V_007_17102024
11,5888.4106,1.5e-07,Na_300ms_410V_007_17102024
12,5888.532,8e-08,Na_300ms_410V_007_17102024
13,5888.654,2.5e-07,Na_300ms_410V_007_17102024
14,5888.7754,1.5e-07,Na_300ms_410V_007_17102024
15,5888.8975,3e-07,Na_300ms_410V_007_17102024
16,5889.017,1e-07,Na_300ms_410V_007_17102024
17,5889.1387,8e-08,Na_300ms_410V_007_17102024
18,5889.2603,2.5e-07,Na_300ms_410V_007_17102024
19,5889.382,-2e-08,Na_300ms_410V_007_17102024
20,5889.504,5.3e-07,Na_300ms_410V_007_17102024
21,5889.6235,1e-07,Na_300ms_410V_007_17102024
22,5889.745,4.2e-07,Na_300ms_410V_007_17102024
23,5889.8667,3.2e-07,Na_300ms_410V_007_17102024
24,5889.9883,4e-07,Na_300ms_410V_007_17102024
25,5890.11,4.8e-07,Na_300ms_410V_007_17102024
26,5890.23,6.3e-07,Na_300ms_410V_007_17102024
27,5890.3516,1.15e-06,Na_300ms_410V_007_17102024
28,5890.473,1.15e-06,Na_300ms_410V_007_17102024
29,5890.5947,1.77e-06,Na_300ms_410V_007_17102024
30,5890.7163,2.07e-06,Na_300ms_410V_007_17102024
31,5890.8364,2.78e-06,Na_300ms_410V_007_17102024
32,5890.958,3.18e-06,Na_300ms_410V_007_17102024
33,5891.0796,3.97e-06,Na_300ms_410V_007_17102024
34,5891.201,4.68e-06,Na_300ms_410V_007_17102024
35,5891.3228,5.17e-06,Na_300ms_410V_007_17102024
36,5891.443,5.92e-06,Na_300ms_410V_007_17102024
37,5891.5645,6.58e-06,Na_300ms_410V_007_17102024
38,5891.686,7.18e-06,Na_300ms_410V_007_17102024
39,5891.8076,7.87e-06,Na_300ms_410V_007_17102024
40,5891.929,8.63e-06,Na_300ms_410V_007_17102024
41,5892.049,9.47e-06,Na_300ms_410V_007_17102024
42,5892.171,1.023e-05,Na_300ms_410V_007_17102024
43,5892.2925,1.165e-05,Na_300ms_410V_007_17102024
44,5892.414,1.295e-05,Na_300ms_410V_007_17102024
45,5892.5356,1.428e-05,Na_300ms_410V_007_17102024
46,5892.6553,1.592e-05,Na_300ms_410V_007_17102024
47,5892.7773,1.803e-05,Na_300ms_410V_007_17102024
48,5892.899,2.068e-05,Na_300ms_410V_007_17102024
49,5893.0205,2.453e-05,Na_300ms_410V_007_17102024
50,5893.142,2.823e-05,Na_300ms_410V_007_17102024
51,5893.2617,3.35e-05,Na_300ms_410V_007_17102024
52,5893.384,4.055e-05,Na_300ms_410V_007_17102024
53,5893.5054,4.842e-05,Na_300ms_410V_007_17102024
54,5893.627,5.485e-05,Na_300ms_410V_007_17102024
55,5893.7485,6.412e-05,Na_300ms_410V_007_17102024
56,5893.868,7.665e-05,Na_300ms_410V_007_17102024
57,5893.9897,8.712e-05,Na_300ms_410V_007_17102024
58,5894.112,9.613e-05,Na_300ms_410V_007_17102024
59,5894.2334,0.00010362,Na_300ms_410V_007_17102024
60,5894.355,0.00011085,Na_300ms_410V_007_17102024
61,5894.4746,0.00011308,Na_300ms_410V_007_17102024
62,5894.596,0.00011268,Na_300ms_410V_007_17102024
63,5894.7183,0.00011115,Na_300ms_410V_007_17102024
64,5894.84,0.00010748,Na_300ms_410V_007_17102024
65,5894.9614,0.00010157,Na_300ms_410V_007_17102024
66,5895.081,9.865e-05,Na_300ms_410V_007_17102024
67,5895.2026,9.338e-05,Na_300ms_410V_007_17102024
68,5895.324,8.857e-05,Na_300ms_410V_007_17102024
69,5895.4463,8.077e-05,Na_300ms_410V_007_17102024
70,5895.568,7.088e-05,Na_300ms_410V_007_17102024
71,5895.6875,5.752e-05,Na_300ms_410V_007_17102024
72,5895.809,4.245e-05,Na_300ms_410V_007_17102024
73,5895.9307,2.993e-05,Na_300ms_410V_007_17102024
74,5896.0527,2.135e-05,Na_300ms_410V_007_17102024
75,5896.1743,1.488e-05,Na_300ms_410V_007_17102024
76,5896.294,1.092e-05,Na_300ms_410V_007_17102024
77,5896.4155,8.53e-06,Na_300ms_410V_007_17102024
78,5896.537,7.4e-06,Na_300ms_410V_007_17102024
79,5896.659,6.75e-06,Na_300ms_410V_007_17102024
80,5896.781,6.37e-06,Na_300ms_410V_007_17102024
81,5896.9004,6.18e-06,Na_300ms_410V_007_17102024
82,5897.022,6.68e-06,Na_300ms_410V_007_17102024
83,5897.1436,6.3e-06,Na_300ms_410V_007_17102024
84,5897.265,6.78e-06,Na_300ms_410V_007_17102024
85,5897.387,7.03e-06,Na_300ms_410V_007_17102024
86,5897.507,7.23e-06,Na_300ms_410V_007_17102024
87,5897.6284,7.38e-06,Na_300ms_410V_007_17102024
88,5897.75,8.02e-06,Na_300ms_410V_007_17102024
89,5897.8716,8.67e-06,Na_300ms_410V_007_17102024
90,5897.9937,9.47e-06,Na_300ms_410V_007_17102024
91,5898.1133,1.048e-05,Na_300ms_410V_007_17102024
92,5898.235,1.143e-05,Na_300ms_410V_007_17102024
93,5898.3564,1.26e-05,Na_300ms_410V_007_17102024
94,5898.478,1.467e-05,Na_300ms_410V_007_17102024
95,5898.5996,1.652e-05,Na_300ms_410V_007_17102024
96,5898.7197,1.927e-05,Na_300ms_410V_007_17102024
97,5898.8413,2.27e-05,Na_300ms_410V_007_17102024
98,5898.963,2.73e-05,Na_300ms_410V_007_17102024
99,5899.0845,3.153e-05,Na_300ms_410V_007_17102024
100,5899.206,3.658e-05,Na_300ms_410V_007_17102024
101,5899.326,4.255e-05,Na_300ms_410V_007_17102024
102,5899.4478,4.577e-05,Na_300ms_410V_007_17102024
103,5899.5693,4.837e-05,Na_300ms_410V_007_17102024
104,5899.691,5.608e-05,Na_300ms_410V_007_17102024
105,5899.8125,6.27e-05,Na_300ms_410V_007_17102024
106,5899.9326,6.895e-05,Na_300ms_410V_007_17102024
107,5900.054,7.388e-05,Na_300ms_410V_007_17102024
108,5900.176,7.625e-05,Na_300ms_410V_007_17102024
109,5900.2974,7.618e-05,Na_300ms_410V_007_17102024
110,5900.419,7.493e-05,Na_300ms_410V_007_17102024
111,5900.5386,7.333e-05,Na_300ms_410V_007_17102024
112,5900.6606,6.995e-05,Na_300ms_410V_007_17102024
113,5900.782,6.648e-05,Na_300ms_410V_007_17102024
114,5900.904,6.448e-05,Na_300ms_410V_007_17102024
115,5901.0254,6.197e-05,Na_300ms_410V_007_17102024
116,5901.145,5.717e-05,Na_300ms_410V_007_17102024
117,5901.267,5.09e-05,Na_300ms_410V_007_17102024
118,5901.3887,4.37e-05,Na_300ms_410V_007_17102024
119,5901.5103,3.455e-05,Na_300ms_410V_007_17102024
120,5901.632,2.395e-05,Na_300ms_410V_007_17102024
121,5901.7534,1.603e-05,Na_300ms_410V_007_17102024
122,5901.8735,1.025e-05,Na_300ms_410V_007_17102024
123,5901.995,6.92e-06,Na_300ms_410V_007_17102024
124,5902.1167,4.78e-06,Na_300ms_410V_007_17102024
125,5902.2383,3.17e-06,Na_300ms_410V_007_17102024
126,5902.36,2.17e-06,Na_300ms_410V_007_17102024
127,5902.4795,1.73e-06,Na_300ms_410V_007_17102024
128,5902.6016,1.37e-06,Na_300ms_410V_007_17102024
129,5902.723,1.2e-06,Na_300ms_410V_007_17102024
130,5902.8447,1.02e-06,Na_300ms_410V_007_17102024
131,5902.9663,1.12e-06,Na_300ms_410V_007_17102024
132,5903.086,7.8e-07,Na_300ms_410V_007_17102024
133,5903.208,1.05e-06,Na_300ms_410V_007_17102024
134,5903.3296,4.5e-07,Na_300ms_410V_007_17102024
135,5903.451,7.3e-07,Na_300ms_410V_007_17102024
136,5903.5728,6.7e-07,Na_300ms_410V_007_17102024
137,5903.6924,5.2e-07,Na_300ms_410V_007_17102024
138,5903.8145,4.5e-07,Na_300ms_410V_007_17102024
139,5903.936,6.2e-07,Na_300ms_410V_007_17102024
140,5904.0576,4.3e-07,Na_300ms_410V_007_17102024
141,5904.179,5.2e-07,Na_300ms_410V_007_17102024
142,5904.299,5.2e-07,Na_300ms_410V_007_17102024
143,5904.4204,5e-07,Na_300ms_410V_007_17102024
144,5904.5425,3.5e-07,Na_300ms_410V_007_17102024
145,5904.664,3.3e-07,Na_300ms_410V_007_17102024
146,5904.7856,2.8e-07,Na_300ms_410V_007_17102024
147,5904.9053,2e-07,Na_300ms_410V_007_17102024
148,5905.027,2.8e-07,Na_300ms_410V_007_17102024
149,5905.149,4.2e-07,Na_300ms_410V_007_17102024
150,5905.2705,2.2e-07,Na_300ms_410V_007_17102024
151,5905.392,2.2e-07,Na_300ms_410V_007_17102024
152,5905.5117,2.5e-07,Na_300ms_410V_007_17102024
153,5905.6333,1.3e-07,Na_300ms_410V_007_17102024
154,5905.755,2.2e-07,Na_300ms_410V_007_17102024
155,5905.877,1.7e-07,Na_300ms_410V_007_17102024
156,5905.9985,3.3e-07,Na_300ms_410V_007_17102024
157,5906.118,1.5e-07,Na_300ms_410V_007_17102024
158,5906.2397,2.8e-07,Na_300ms_410V_007_17102024
159,5906.3613,-1.2e-07,Na_300ms_410V_007_17102024
160,5906.4834,3.8e-07,Na_300ms_410V_007_17102024
161,5906.605,1.7e-07,Na_300ms_410V_007_17102024
