,wl,mean,meta
0,5884.996,0.0,Na_300ms_510V__1tac_307Hz_001_29102024
1,5885.668,3.3e-07,Na_300ms_510V__1tac_307Hz_001_29102024
2,5886.3384,1e-06,Na_300ms_510V__1tac_307Hz_001_29102024
3,5887.0103,1e-06,Na_300ms_510V__1tac_307Hz_001_29102024
4,5887.6807,1.67e-06,Na_300ms_510V__1tac_307Hz_001_29102024
5,5888.3525,2e-06,Na_300ms_510V__1tac_307Hz_001_29102024
6,5889.023,5e-06,Na_300ms_510V__1tac_307Hz_001_29102024
7,5889.695,8e-06,Na_300ms_510V__1tac_307Hz_001_29102024
8,5890.365,1.733e-05,Na_300ms_510V__1tac_307Hz_001_29102024
9,5891.037,0.00014367,Na_300ms_510V__1tac_307Hz_001_29102024
10,5891.707,0.00055633,Na_300ms_510V__1tac_307Hz_001_29102024
11,5892.3794,0.00083133,Na_300ms_510V__1tac_307Hz_001_29102024
12,5893.0493,0.00079533,Na_300ms_510V__1tac_307Hz_001_29102024
13,5893.7217,0.00073233,Na_300ms_510V__1tac_307Hz_001_29102024
14,5894.3916,0.00073933,Na_300ms_510V__1tac_307Hz_001_29102024
15,5895.064,0.00089067,Na_300ms_510V__1tac_307Hz_001_29102024
16,5895.736,0.000969,Na_300ms_510V__1tac_307Hz_001_29102024
17,5896.406,0.000949,Na_300ms_510V__1tac_307Hz_001_29102024
18,5897.078,0.00103367,Na_300ms_510V__1tac_307Hz_001_29102024
19,5897.748,0.00095167,Na_300ms_510V__1tac_307Hz_001_29102024
20,5898.4204,0.00061633,Na_300ms_510V__1tac_307Hz_001_29102024
21,5899.0903,0.00054533,Na_300ms_510V__1tac_307Hz_001_29102024
22,5899.7627,0.00051133,Na_300ms_510V__1tac_307Hz_001_29102024
23,5900.4326,0.00058633,Na_300ms_510V__1tac_307Hz_001_29102024
24,5901.1045,0.00066033,Na_300ms_510V__1tac_307Hz_001_29102024
25,5901.775,0.00067567,Na_300ms_510V__1tac_307Hz_001_29102024
26,5902.447,0.00058833,Na_300ms_510V__1tac_307Hz_001_29102024
27,5903.117,0.000428,Na_300ms_510V__1tac_307Hz_001_29102024
28,5903.789,0.00017867,Na_300ms_510V__1tac_307Hz_001_29102024
29,5904.4595,2.2e-05,Na_300ms_510V__1tac_307Hz_001_29102024
30,5905.1313,6.67e-06,Na_300ms_510V__1tac_307Hz_001_29102024
31,5905.8013,4e-06,Na_300ms_510V__1tac_307Hz_001_29102024
32,5906.4736,2e-06,Na_300ms_510V__1tac_307Hz_001_29102024
33,5907.1436,2e-06,Na_300ms_510V__1tac_307Hz_001_29102024
34,5907.816,1.33e-06,Na_300ms_510V__1tac_307Hz_001_29102024
35,5908.486,6.7e-07,Na_300ms_510V__1tac_307Hz_001_29102024
