,wl,mean,meta
0,5886.06,7e-06,Na_300ms_510V__5tac0tac_307Hz_003_29102024
1,5886.3633,8e-06,Na_300ms_510V__5tac0tac_307Hz_003_29102024
2,5886.6665,8.67e-06,Na_300ms_510V__5tac0tac_307Hz_003_29102024
3,5886.9697,1e-05,Na_300ms_510V__5tac0tac_307Hz_003_29102024
4,5887.273,1.2e-05,Na_300ms_510V__5tac0tac_307Hz_003_29102024
5,5887.576,1.367e-05,Na_300ms_510V__5tac0tac_307Hz_003_29102024
6,5887.8794,1.567e-05,Na_300ms_510V__5tac0tac_307Hz_003_29102024
7,5888.1826,2e-05,Na_300ms_510V__5tac0tac_307Hz_003_29102024
8,5888.484,2.6e-05,Na_300ms_510V__5tac0tac_307Hz_003_29102024
9,5888.787,4.3e-05,Na_300ms_510V__5tac0tac_307Hz_003_29102024
10,5889.0903,0.000101,Na_300ms_510V__5tac0tac_307Hz_003_29102024
11,5889.3936,0.00022867,Na_300ms_510V__5tac0tac_307Hz_003_29102024
12,5889.697,0.0004,Na_300ms_510V__5tac0tac_307Hz_003_29102024
13,5890.0,0.00063167,Na_300ms_510V__5tac0tac_307Hz_003_29102024
14,5890.303,0.00085833,Na_300ms_510V__5tac0tac_307Hz_003_29102024
15,5890.6064,0.00107667,Na_300ms_510V__5tac0tac_307Hz_003_29102024
16,5890.9097,0.00127467,Na_300ms_510V__5tac0tac_307Hz_003_29102024
17,5891.213,0.001481,Na_300ms_510V__5tac0tac_307Hz_003_29102024
18,5891.516,0.00165733,Na_300ms_510V__5tac0tac_307Hz_003_29102024
19,5891.8174,0.00183933,Na_300ms_510V__5tac0tac_307Hz_003_29102024
20,5892.1206,0.00200233,Na_300ms_510V__5tac0tac_307Hz_003_29102024
21,5892.424,0.00213433,Na_300ms_510V__5tac0tac_307Hz_003_29102024
22,5892.727,0.002243,Na_300ms_510V__5tac0tac_307Hz_003_29102024
23,5893.0303,0.00230533,Na_300ms_510V__5tac0tac_307Hz_003_29102024
24,5893.3335,0.00230533,Na_300ms_510V__5tac0tac_307Hz_003_29102024
25,5893.6367,0.002261,Na_300ms_510V__5tac0tac_307Hz_003_29102024
26,5893.94,0.00222467,Na_300ms_510V__5tac0tac_307Hz_003_29102024
27,5894.243,0.00219,Na_300ms_510V__5tac0tac_307Hz_003_29102024
28,5894.5464,0.00215067,Na_300ms_510V__5tac0tac_307Hz_003_29102024
29,5894.849,0.002147,Na_300ms_510V__5tac0tac_307Hz_003_29102024
30,5895.151,0.002183,Na_300ms_510V__5tac0tac_307Hz_003_29102024
31,5895.4536,0.00222933,Na_300ms_510V__5tac0tac_307Hz_003_29102024
32,5895.757,0.00225067,Na_300ms_510V__5tac0tac_307Hz_003_29102024
33,5896.06,0.00223933,Na_300ms_510V__5tac0tac_307Hz_003_29102024
34,5896.3633,0.002214,Na_300ms_510V__5tac0tac_307Hz_003_29102024
35,5896.6665,0.002197,Na_300ms_510V__5tac0tac_307Hz_003_29102024
36,5896.9697,0.00215867,Na_300ms_510V__5tac0tac_307Hz_003_29102024
37,5897.273,0.00210967,Na_300ms_510V__5tac0tac_307Hz_003_29102024
38,5897.576,0.00206233,Na_300ms_510V__5tac0tac_307Hz_003_29102024
39,5897.8794,0.00202433,Na_300ms_510V__5tac0tac_307Hz_003_29102024
40,5898.1826,0.00197367,Na_300ms_510V__5tac0tac_307Hz_003_29102024
41,5898.484,0.00191233,Na_300ms_510V__5tac0tac_307Hz_003_29102024
42,5898.787,0.00183567,Na_300ms_510V__5tac0tac_307Hz_003_29102024
43,5899.0903,0.00173267,Na_300ms_510V__5tac0tac_307Hz_003_29102024
44,5899.3936,0.00164,Na_300ms_510V__5tac0tac_307Hz_003_29102024
45,5899.697,0.00159233,Na_300ms_510V__5tac0tac_307Hz_003_29102024
46,5900.0,0.00154433,Na_300ms_510V__5tac0tac_307Hz_003_29102024
47,5900.303,0.00149433,Na_300ms_510V__5tac0tac_307Hz_003_29102024
48,5900.6064,0.001439,Na_300ms_510V__5tac0tac_307Hz_003_29102024
49,5900.9097,0.001386,Na_300ms_510V__5tac0tac_307Hz_003_29102024
50,5901.213,0.001326,Na_300ms_510V__5tac0tac_307Hz_003_29102024
51,5901.516,0.00122733,Na_300ms_510V__5tac0tac_307Hz_003_29102024
52,5901.8174,0.00111367,Na_300ms_510V__5tac0tac_307Hz_003_29102024
53,5902.1206,0.00099233,Na_300ms_510V__5tac0tac_307Hz_003_29102024
54,5902.424,0.00087733,Na_300ms_510V__5tac0tac_307Hz_003_29102024
55,5902.727,0.000767,Na_300ms_510V__5tac0tac_307Hz_003_29102024
56,5903.0303,0.000652,Na_300ms_510V__5tac0tac_307Hz_003_29102024
57,5903.3335,0.00052833,Na_300ms_510V__5tac0tac_307Hz_003_29102024
58,5903.6367,0.00042433,Na_300ms_510V__5tac0tac_307Hz_003_29102024
59,5903.94,0.00033067,Na_300ms_510V__5tac0tac_307Hz_003_29102024
60,5904.243,0.00025067,Na_300ms_510V__5tac0tac_307Hz_003_29102024
61,5904.5464,0.000171,Na_300ms_510V__5tac0tac_307Hz_003_29102024
62,5904.849,0.000106,Na_300ms_510V__5tac0tac_307Hz_003_29102024
63,5905.151,5.567e-05,Na_300ms_510V__5tac0tac_307Hz_003_29102024
64,5905.4536,2.533e-05,Na_300ms_510V__5tac0tac_307Hz_003_29102024
65,5905.757,1.567e-05,Na_300ms_510V__5tac0tac_307Hz_003_29102024
66,5906.06,1.2e-05,Na_300ms_510V__5tac0tac_307Hz_003_29102024
67,5906.3633,1.133e-05,Na_300ms_510V__5tac0tac_307Hz_003_29102024
68,5906.6665,8.67e-06,Na_300ms_510V__5tac0tac_307Hz_003_29102024
69,5906.9697,8e-06,Na_300ms_510V__5tac0tac_307Hz_003_29102024
70,5907.273,8e-06,Na_300ms_510V__5tac0tac_307Hz_003_29102024
71,5907.576,7e-06,Na_300ms_510V__5tac0tac_307Hz_003_29102024
72,5907.8794,7e-06,Na_300ms_510V__5tac0tac_307Hz_003_29102024
73,5908.1826,6.67e-06,Na_300ms_510V__5tac0tac_307Hz_003_29102024
