,wl,mean,meta
0,5886.5103,2.1e-07,Na_300ms_410V_008_17102024
1,5886.678,1e-07,Na_300ms_410V_008_17102024
2,5886.846,4e-08,Na_300ms_410V_008_17102024
3,5887.014,2.8e-07,Na_300ms_410V_008_17102024
4,5887.18,8e-08,Na_300ms_410V_008_17102024
5,5887.3486,-2e-07,Na_300ms_410V_008_17102024
6,5887.5166,4e-08,Na_300ms_410V_008_17102024
7,5887.6846,-4e-08,Na_300ms_410V_008_17102024
8,5887.8525,-1e-07,Na_300ms_410V_008_17102024
9,5888.0205,1.7e-07,Na_300ms_410V_008_17102024
10,5888.1885,1.3e-07,Na_300ms_410V_008_17102024
11,5888.3564,2.4e-07,Na_300ms_410V_008_17102024
12,5888.5225,8e-08,Na_300ms_410V_008_17102024
13,5888.6904,1.1e-07,Na_300ms_410V_008_17102024
14,5888.8584,-0.0,Na_300ms_410V_008_17102024
15,5889.027,0.0,Na_300ms_410V_008_17102024
16,5889.195,1e-07,Na_300ms_410V_008_17102024
17,5889.363,1.1e-07,Na_300ms_410V_008_17102024
18,5889.531,1.7e-07,Na_300ms_410V_008_17102024
19,5889.6987,4.1e-07,Na_300ms_410V_008_17102024
20,5889.8647,4.1e-07,Na_300ms_410V_008_17102024
21,5890.0327,5.7e-07,Na_300ms_410V_008_17102024
22,5890.2007,6.8e-07,Na_300ms_410V_008_17102024
23,5890.3687,9.4e-07,Na_300ms_410V_008_17102024
24,5890.537,1.69e-06,Na_300ms_410V_008_17102024
25,5890.705,2.48e-06,Na_300ms_410V_008_17102024
26,5890.873,2.7e-06,Na_300ms_410V_008_17102024
27,5891.041,3.29e-06,Na_300ms_410V_008_17102024
28,5891.209,3.6e-06,Na_300ms_410V_008_17102024
29,5891.375,3.93e-06,Na_300ms_410V_008_17102024
30,5891.543,4.29e-06,Na_300ms_410V_008_17102024
31,5891.711,4.8e-06,Na_300ms_410V_008_17102024
32,5891.879,5.55e-06,Na_300ms_410V_008_17102024
33,5892.0474,6.08e-06,Na_300ms_410V_008_17102024
34,5892.2153,7.47e-06,Na_300ms_410V_008_17102024
35,5892.3833,8.49e-06,Na_300ms_410V_008_17102024
36,5892.5513,1.053e-05,Na_300ms_410V_008_17102024
37,5892.7173,1.294e-05,Na_300ms_410V_008_17102024
38,5892.8853,1.576e-05,Na_300ms_410V_008_17102024
39,5893.053,1.93e-05,Na_300ms_410V_008_17102024
40,5893.221,2.361e-05,Na_300ms_410V_008_17102024
41,5893.389,2.999e-05,Na_300ms_410V_008_17102024
42,5893.557,3.527e-05,Na_300ms_410V_008_17102024
43,5893.7256,4.137e-05,Na_300ms_410V_008_17102024
44,5893.8936,4.445e-05,Na_300ms_410V_008_17102024
45,5894.0596,4.642e-05,Na_300ms_410V_008_17102024
46,5894.2275,4.663e-05,Na_300ms_410V_008_17102024
47,5894.3955,4.609e-05,Na_300ms_410V_008_17102024
48,5894.5635,4.381e-05,Na_300ms_410V_008_17102024
49,5894.7314,4.216e-05,Na_300ms_410V_008_17102024
50,5894.8994,3.951e-05,Na_300ms_410V_008_17102024
51,5895.0674,3.639e-05,Na_300ms_410V_008_17102024
52,5895.236,3.018e-05,Na_300ms_410V_008_17102024
53,5895.404,2.044e-05,Na_300ms_410V_008_17102024
54,5895.57,1.225e-05,Na_300ms_410V_008_17102024
55,5895.738,7.11e-06,Na_300ms_410V_008_17102024
56,5895.906,4.84e-06,Na_300ms_410V_008_17102024
57,5896.0737,3.89e-06,Na_300ms_410V_008_17102024
58,5896.2417,3.44e-06,Na_300ms_410V_008_17102024
59,5896.4097,3.06e-06,Na_300ms_410V_008_17102024
60,5896.5776,3.16e-06,Na_300ms_410V_008_17102024
61,5896.7456,3e-06,Na_300ms_410V_008_17102024
62,5896.912,3.42e-06,Na_300ms_410V_008_17102024
63,5897.08,3.29e-06,Na_300ms_410V_008_17102024
64,5897.248,3.46e-06,Na_300ms_410V_008_17102024
65,5897.416,3.77e-06,Na_300ms_410V_008_17102024
66,5897.584,4.33e-06,Na_300ms_410V_008_17102024
67,5897.752,4.92e-06,Na_300ms_410V_008_17102024
68,5897.92,5.6e-06,Na_300ms_410V_008_17102024
69,5898.088,6.76e-06,Na_300ms_410V_008_17102024
70,5898.2544,7.9e-06,Na_300ms_410V_008_17102024
71,5898.4224,9.38e-06,Na_300ms_410V_008_17102024
72,5898.5903,1.166e-05,Na_300ms_410V_008_17102024
73,5898.7583,1.446e-05,Na_300ms_410V_008_17102024
74,5898.9263,1.747e-05,Na_300ms_410V_008_17102024
75,5899.094,2.146e-05,Na_300ms_410V_008_17102024
76,5899.262,2.427e-05,Na_300ms_410V_008_17102024
77,5899.43,2.701e-05,Na_300ms_410V_008_17102024
78,5899.596,2.944e-05,Na_300ms_410V_008_17102024
79,5899.764,3.155e-05,Na_300ms_410V_008_17102024
80,5899.9326,3.16e-05,Na_300ms_410V_008_17102024
81,5900.1006,3.159e-05,Na_300ms_410V_008_17102024
82,5900.2686,3.018e-05,Na_300ms_410V_008_17102024
83,5900.4365,2.856e-05,Na_300ms_410V_008_17102024
84,5900.6045,2.71e-05,Na_300ms_410V_008_17102024
85,5900.7725,2.585e-05,Na_300ms_410V_008_17102024
86,5900.9404,2.333e-05,Na_300ms_410V_008_17102024
87,5901.1064,1.728e-05,Na_300ms_410V_008_17102024
88,5901.2744,1.078e-05,Na_300ms_410V_008_17102024
89,5901.443,5.48e-06,Na_300ms_410V_008_17102024
90,5901.611,3.13e-06,Na_300ms_410V_008_17102024
91,5901.779,1.86e-06,Na_300ms_410V_008_17102024
92,5901.947,1.24e-06,Na_300ms_410V_008_17102024
93,5902.1147,1.06e-06,Na_300ms_410V_008_17102024
94,5902.2827,5.3e-07,Na_300ms_410V_008_17102024
95,5902.4487,6.1e-07,Na_300ms_410V_008_17102024
96,5902.6167,5.1e-07,Na_300ms_410V_008_17102024
97,5902.7847,5.1e-07,Na_300ms_410V_008_17102024
98,5902.9526,4.4e-07,Na_300ms_410V_008_17102024
99,5903.121,3.7e-07,Na_300ms_410V_008_17102024
100,5903.289,1e-07,Na_300ms_410V_008_17102024
101,5903.457,-7e-08,Na_300ms_410V_008_17102024
102,5903.625,3.8e-07,Na_300ms_410V_008_17102024
103,5903.791,1.5e-07,Na_300ms_410V_008_17102024
104,5903.959,3e-07,Na_300ms_410V_008_17102024
105,5904.127,3.5e-07,Na_300ms_410V_008_17102024
106,5904.295,1.2e-07,Na_300ms_410V_008_17102024
107,5904.463,2.1e-07,Na_300ms_410V_008_17102024
108,5904.6313,1e-08,Na_300ms_410V_008_17102024
109,5904.7993,1.6e-07,Na_300ms_410V_008_17102024
110,5904.9673,2.2e-07,Na_300ms_410V_008_17102024
111,5905.1353,3e-07,Na_300ms_410V_008_17102024
112,5905.3013,2.4e-07,Na_300ms_410V_008_17102024
113,5905.469,9e-08,Na_300ms_410V_008_17102024
114,5905.637,0.0,Na_300ms_410V_008_17102024
115,5905.805,1.5e-07,Na_300ms_410V_008_17102024
116,5905.973,1e-07,Na_300ms_410V_008_17102024
