,wl,mean,meta
0,8178.063,-1.37e-06,Na_300ms_600V__1tac_out1tac_in_307Hz_009_29102024
1,8178.372,-1.03e-06,Na_300ms_600V__1tac_out1tac_in_307Hz_009_29102024
2,8178.683,-1.5e-06,Na_300ms_600V__1tac_out1tac_in_307Hz_009_29102024
3,8178.9917,-1.1e-06,Na_300ms_600V__1tac_out1tac_in_307Hz_009_29102024
4,8179.3027,-1.23e-06,Na_300ms_600V__1tac_out1tac_in_307Hz_009_29102024
5,8179.612,-8e-07,Na_300ms_600V__1tac_out1tac_in_307Hz_009_29102024
6,8179.923,-1.27e-06,Na_300ms_600V__1tac_out1tac_in_307Hz_009_29102024
7,8180.232,-1.27e-06,Na_300ms_600V__1tac_out1tac_in_307Hz_009_29102024
8,8180.5425,-9.7e-07,Na_300ms_600V__1tac_out1tac_in_307Hz_009_29102024
9,8180.8535,-1.47e-06,Na_300ms_600V__1tac_out1tac_in_307Hz_009_29102024
10,8181.1626,-9e-07,Na_300ms_600V__1tac_out1tac_in_307Hz_009_29102024
11,8181.4736,-1.47e-06,Na_300ms_600V__1tac_out1tac_in_307Hz_009_29102024
12,8181.7827,-6.7e-07,Na_300ms_600V__1tac_out1tac_in_307Hz_009_29102024
13,8182.0933,-1.07e-06,Na_300ms_600V__1tac_out1tac_in_307Hz_009_29102024
14,8182.4023,-5.7e-07,Na_300ms_600V__1tac_out1tac_in_307Hz_009_29102024
15,8182.7134,-2e-07,Na_300ms_600V__1tac_out1tac_in_307Hz_009_29102024
16,8183.0225,2.43e-06,Na_300ms_600V__1tac_out1tac_in_307Hz_009_29102024
17,8183.3335,8.8e-06,Na_300ms_600V__1tac_out1tac_in_307Hz_009_29102024
18,8183.644,2.303e-05,Na_300ms_600V__1tac_out1tac_in_307Hz_009_29102024
19,8183.953,4.147e-05,Na_300ms_600V__1tac_out1tac_in_307Hz_009_29102024
20,8184.264,6.203e-05,Na_300ms_600V__1tac_out1tac_in_307Hz_009_29102024
21,8184.573,7.98e-05,Na_300ms_600V__1tac_out1tac_in_307Hz_009_29102024
22,8184.8843,9.26e-05,Na_300ms_600V__1tac_out1tac_in_307Hz_009_29102024
23,8185.1934,0.0001015,Na_300ms_600V__1tac_out1tac_in_307Hz_009_29102024
24,8185.504,0.00010453,Na_300ms_600V__1tac_out1tac_in_307Hz_009_29102024
25,8185.813,0.0001011,Na_300ms_600V__1tac_out1tac_in_307Hz_009_29102024
26,8186.124,8.713e-05,Na_300ms_600V__1tac_out1tac_in_307Hz_009_29102024
27,8186.435,6.667e-05,Na_300ms_600V__1tac_out1tac_in_307Hz_009_29102024
28,8186.744,4.323e-05,Na_300ms_600V__1tac_out1tac_in_307Hz_009_29102024
29,8187.0547,2.213e-05,Na_300ms_600V__1tac_out1tac_in_307Hz_009_29102024
30,8187.364,9.47e-06,Na_300ms_600V__1tac_out1tac_in_307Hz_009_29102024
31,8187.675,3.3e-06,Na_300ms_600V__1tac_out1tac_in_307Hz_009_29102024
32,8187.984,8.3e-07,Na_300ms_600V__1tac_out1tac_in_307Hz_009_29102024
33,8188.295,3e-08,Na_300ms_600V__1tac_out1tac_in_307Hz_009_29102024
34,8188.6035,-5e-07,Na_300ms_600V__1tac_out1tac_in_307Hz_009_29102024
35,8188.9146,-4.7e-07,Na_300ms_600V__1tac_out1tac_in_307Hz_009_29102024
36,8189.2256,-1.2e-06,Na_300ms_600V__1tac_out1tac_in_307Hz_009_29102024
37,8189.5347,-1.37e-06,Na_300ms_600V__1tac_out1tac_in_307Hz_009_29102024
38,8189.8457,-1.03e-06,Na_300ms_600V__1tac_out1tac_in_307Hz_009_29102024
39,8190.1543,-1e-06,Na_300ms_600V__1tac_out1tac_in_307Hz_009_29102024
40,8190.4653,-1.27e-06,Na_300ms_600V__1tac_out1tac_in_307Hz_009_29102024
41,8190.7744,-1e-06,Na_300ms_600V__1tac_out1tac_in_307Hz_009_29102024
42,8191.0854,-1.23e-06,Na_300ms_600V__1tac_out1tac_in_307Hz_009_29102024
43,8191.3965,-1.23e-06,Na_300ms_600V__1tac_out1tac_in_307Hz_009_29102024
44,8191.705,-7.3e-07,Na_300ms_600V__1tac_out1tac_in_307Hz_009_29102024
45,8192.017,-1.17e-06,Na_300ms_600V__1tac_out1tac_in_307Hz_009_29102024
46,8192.325,-1e-06,Na_300ms_600V__1tac_out1tac_in_307Hz_009_29102024
47,8192.636,-9e-07,Na_300ms_600V__1tac_out1tac_in_307Hz_009_29102024
48,8192.945,-5.3e-07,Na_300ms_600V__1tac_out1tac_in_307Hz_009_29102024
49,8193.256,6.7e-07,Na_300ms_600V__1tac_out1tac_in_307Hz_009_29102024
50,8193.565,3.47e-06,Na_300ms_600V__1tac_out1tac_in_307Hz_009_29102024
51,8193.876,1.213e-05,Na_300ms_600V__1tac_out1tac_in_307Hz_009_29102024
52,8194.187,2.86e-05,Na_300ms_600V__1tac_out1tac_in_307Hz_009_29102024
53,8194.496,5.39e-05,Na_300ms_600V__1tac_out1tac_in_307Hz_009_29102024
54,8194.807,8.28e-05,Na_300ms_600V__1tac_out1tac_in_307Hz_009_29102024
55,8195.116,0.00010913,Na_300ms_600V__1tac_out1tac_in_307Hz_009_29102024
56,8195.427,0.0001296,Na_300ms_600V__1tac_out1tac_in_307Hz_009_29102024
57,8195.735,0.00014297,Na_300ms_600V__1tac_out1tac_in_307Hz_009_29102024
58,8196.047,0.0001494,Na_300ms_600V__1tac_out1tac_in_307Hz_009_29102024
59,8196.355,0.00014637,Na_300ms_600V__1tac_out1tac_in_307Hz_009_29102024
60,8196.667,0.0001282,Na_300ms_600V__1tac_out1tac_in_307Hz_009_29102024
61,8196.978,9.803e-05,Na_300ms_600V__1tac_out1tac_in_307Hz_009_29102024
62,8197.286,6.493e-05,Na_300ms_600V__1tac_out1tac_in_307Hz_009_29102024
63,8197.598,3.567e-05,Na_300ms_600V__1tac_out1tac_in_307Hz_009_29102024
64,8197.906,1.76e-05,Na_300ms_600V__1tac_out1tac_in_307Hz_009_29102024
65,8198.218,6.93e-06,Na_300ms_600V__1tac_out1tac_in_307Hz_009_29102024
66,8198.526,2.6e-06,Na_300ms_600V__1tac_out1tac_in_307Hz_009_29102024
67,8198.837,3.3e-07,Na_300ms_600V__1tac_out1tac_in_307Hz_009_29102024
68,8199.146,1e-07,Na_300ms_600V__1tac_out1tac_in_307Hz_009_29102024
69,8199.457,-5e-07,Na_300ms_600V__1tac_out1tac_in_307Hz_009_29102024
70,8199.769,-8e-07,Na_300ms_600V__1tac_out1tac_in_307Hz_009_29102024
71,8200.077,-9.3e-07,Na_300ms_600V__1tac_out1tac_in_307Hz_009_29102024
72,8200.388,-1e-06,Na_300ms_600V__1tac_out1tac_in_307Hz_009_29102024
73,8200.697,-1.2e-06,Na_300ms_600V__1tac_out1tac_in_307Hz_009_29102024
74,8201.008,-9.3e-07,Na_300ms_600V__1tac_out1tac_in_307Hz_009_29102024
75,8201.317,-1.37e-06,Na_300ms_600V__1tac_out1tac_in_307Hz_009_29102024
76,8201.628,-1e-06,Na_300ms_600V__1tac_out1tac_in_307Hz_009_29102024
77,8201.9375,-1.3e-06,Na_300ms_600V__1tac_out1tac_in_307Hz_009_29102024
78,8202.248,-1.1e-06,Na_300ms_600V__1tac_out1tac_in_307Hz_009_29102024
79,8202.559,-1.3e-06,Na_300ms_600V__1tac_out1tac_in_307Hz_009_29102024
80,8202.868,-1.03e-06,Na_300ms_600V__1tac_out1tac_in_307Hz_009_29102024
81,8203.179,-1.17e-06,Na_300ms_600V__1tac_out1tac_in_307Hz_009_29102024
82,8203.488,-1.13e-06,Na_300ms_600V__1tac_out1tac_in_307Hz_009_29102024
83,8203.799,-9e-07,Na_300ms_600V__1tac_out1tac_in_307Hz_009_29102024
84,8204.107,-1.37e-06,Na_300ms_600V__1tac_out1tac_in_307Hz_009_29102024
