,wl,mean,meta
0,5885.4536,3e-06,Na_300ms_400V__2tac_out1tac_in_307Hz_004_29102024
1,5885.757,4e-06,Na_300ms_400V__2tac_out1tac_in_307Hz_004_29102024
2,5886.06,6e-06,Na_300ms_400V__2tac_out1tac_in_307Hz_004_29102024
3,5886.3633,6e-06,Na_300ms_400V__2tac_out1tac_in_307Hz_004_29102024
4,5886.6665,6e-06,Na_300ms_400V__2tac_out1tac_in_307Hz_004_29102024
5,5886.9697,7e-06,Na_300ms_400V__2tac_out1tac_in_307Hz_004_29102024
6,5887.273,7.33e-06,Na_300ms_400V__2tac_out1tac_in_307Hz_004_29102024
7,5887.576,8e-06,Na_300ms_400V__2tac_out1tac_in_307Hz_004_29102024
8,5887.8794,1e-05,Na_300ms_400V__2tac_out1tac_in_307Hz_004_29102024
9,5888.1826,1.2e-05,Na_300ms_400V__2tac_out1tac_in_307Hz_004_29102024
10,5888.484,1.3e-05,Na_300ms_400V__2tac_out1tac_in_307Hz_004_29102024
11,5888.787,1.6e-05,Na_300ms_400V__2tac_out1tac_in_307Hz_004_29102024
12,5889.0903,2e-05,Na_300ms_400V__2tac_out1tac_in_307Hz_004_29102024
13,5889.3936,2.6e-05,Na_300ms_400V__2tac_out1tac_in_307Hz_004_29102024
14,5889.697,4.067e-05,Na_300ms_400V__2tac_out1tac_in_307Hz_004_29102024
15,5890.0,9.633e-05,Na_300ms_400V__2tac_out1tac_in_307Hz_004_29102024
16,5890.303,0.000243,Na_300ms_400V__2tac_out1tac_in_307Hz_004_29102024
17,5890.6064,0.000476,Na_300ms_400V__2tac_out1tac_in_307Hz_004_29102024
18,5890.9097,0.00074833,Na_300ms_400V__2tac_out1tac_in_307Hz_004_29102024
19,5891.213,0.00106633,Na_300ms_400V__2tac_out1tac_in_307Hz_004_29102024
20,5891.516,0.001321,Na_300ms_400V__2tac_out1tac_in_307Hz_004_29102024
21,5891.8174,0.001516,Na_300ms_400V__2tac_out1tac_in_307Hz_004_29102024
22,5892.1206,0.001682,Na_300ms_400V__2tac_out1tac_in_307Hz_004_29102024
23,5892.424,0.00177333,Na_300ms_400V__2tac_out1tac_in_307Hz_004_29102024
24,5892.727,0.00184233,Na_300ms_400V__2tac_out1tac_in_307Hz_004_29102024
25,5893.0303,0.00190433,Na_300ms_400V__2tac_out1tac_in_307Hz_004_29102024
26,5893.3335,0.001941,Na_300ms_400V__2tac_out1tac_in_307Hz_004_29102024
27,5893.6367,0.00196333,Na_300ms_400V__2tac_out1tac_in_307Hz_004_29102024
28,5893.94,0.00202967,Na_300ms_400V__2tac_out1tac_in_307Hz_004_29102024
29,5894.243,0.00213633,Na_300ms_400V__2tac_out1tac_in_307Hz_004_29102024
30,5894.5464,0.00223833,Na_300ms_400V__2tac_out1tac_in_307Hz_004_29102024
31,5894.849,0.00228467,Na_300ms_400V__2tac_out1tac_in_307Hz_004_29102024
32,5895.151,0.00221933,Na_300ms_400V__2tac_out1tac_in_307Hz_004_29102024
33,5895.4536,0.002079,Na_300ms_400V__2tac_out1tac_in_307Hz_004_29102024
34,5895.757,0.00191833,Na_300ms_400V__2tac_out1tac_in_307Hz_004_29102024
35,5896.06,0.00179467,Na_300ms_400V__2tac_out1tac_in_307Hz_004_29102024
36,5896.3633,0.00171167,Na_300ms_400V__2tac_out1tac_in_307Hz_004_29102024
37,5896.6665,0.001646,Na_300ms_400V__2tac_out1tac_in_307Hz_004_29102024
38,5896.9697,0.00157033,Na_300ms_400V__2tac_out1tac_in_307Hz_004_29102024
39,5897.273,0.00148533,Na_300ms_400V__2tac_out1tac_in_307Hz_004_29102024
40,5897.576,0.00141433,Na_300ms_400V__2tac_out1tac_in_307Hz_004_29102024
41,5897.8794,0.00136867,Na_300ms_400V__2tac_out1tac_in_307Hz_004_29102024
42,5898.1826,0.001343,Na_300ms_400V__2tac_out1tac_in_307Hz_004_29102024
43,5898.484,0.001348,Na_300ms_400V__2tac_out1tac_in_307Hz_004_29102024
44,5898.787,0.00137267,Na_300ms_400V__2tac_out1tac_in_307Hz_004_29102024
45,5899.0903,0.001382,Na_300ms_400V__2tac_out1tac_in_307Hz_004_29102024
46,5899.3936,0.00139233,Na_300ms_400V__2tac_out1tac_in_307Hz_004_29102024
47,5899.697,0.00144233,Na_300ms_400V__2tac_out1tac_in_307Hz_004_29102024
48,5900.0,0.00150967,Na_300ms_400V__2tac_out1tac_in_307Hz_004_29102024
49,5900.303,0.00158033,Na_300ms_400V__2tac_out1tac_in_307Hz_004_29102024
50,5900.6064,0.00160567,Na_300ms_400V__2tac_out1tac_in_307Hz_004_29102024
51,5900.9097,0.001562,Na_300ms_400V__2tac_out1tac_in_307Hz_004_29102024
52,5901.213,0.00145333,Na_300ms_400V__2tac_out1tac_in_307Hz_004_29102024
53,5901.516,0.00128067,Na_300ms_400V__2tac_out1tac_in_307Hz_004_29102024
54,5901.8174,0.00109667,Na_300ms_400V__2tac_out1tac_in_307Hz_004_29102024
55,5902.1206,0.0009,Na_300ms_400V__2tac_out1tac_in_307Hz_004_29102024
56,5902.424,0.000716,Na_300ms_400V__2tac_out1tac_in_307Hz_004_29102024
57,5902.727,0.00052667,Na_300ms_400V__2tac_out1tac_in_307Hz_004_29102024
58,5903.0303,0.00035533,Na_300ms_400V__2tac_out1tac_in_307Hz_004_29102024
59,5903.3335,0.00021533,Na_300ms_400V__2tac_out1tac_in_307Hz_004_29102024
60,5903.6367,0.00011767,Na_300ms_400V__2tac_out1tac_in_307Hz_004_29102024
61,5903.94,6.267e-05,Na_300ms_400V__2tac_out1tac_in_307Hz_004_29102024
62,5904.243,3.2e-05,Na_300ms_400V__2tac_out1tac_in_307Hz_004_29102024
63,5904.5464,2.033e-05,Na_300ms_400V__2tac_out1tac_in_307Hz_004_29102024
64,5904.849,1.533e-05,Na_300ms_400V__2tac_out1tac_in_307Hz_004_29102024
65,5905.151,1.267e-05,Na_300ms_400V__2tac_out1tac_in_307Hz_004_29102024
66,5905.4536,1.133e-05,Na_300ms_400V__2tac_out1tac_in_307Hz_004_29102024
67,5905.757,1e-05,Na_300ms_400V__2tac_out1tac_in_307Hz_004_29102024
68,5906.06,8e-06,Na_300ms_400V__2tac_out1tac_in_307Hz_004_29102024
69,5906.3633,8e-06,Na_300ms_400V__2tac_out1tac_in_307Hz_004_29102024
70,5906.6665,7e-06,Na_300ms_400V__2tac_out1tac_in_307Hz_004_29102024
71,5906.9697,6.33e-06,Na_300ms_400V__2tac_out1tac_in_307Hz_004_29102024
72,5907.273,6.33e-06,Na_300ms_400V__2tac_out1tac_in_307Hz_004_29102024
73,5907.576,6e-06,Na_300ms_400V__2tac_out1tac_in_307Hz_004_29102024
