,wl,mean,meta
0,5887.98,1.8e-05,Na_300ms_410V_002_17102024
1,5888.0996,1.8e-05,Na_300ms_410V_002_17102024
2,5888.219,1.8e-05,Na_300ms_410V_002_17102024
3,5888.3374,1.867e-05,Na_300ms_410V_002_17102024
4,5888.457,1.933e-05,Na_300ms_410V_002_17102024
5,5888.5767,2e-05,Na_300ms_410V_002_17102024
6,5888.6963,2.5e-05,Na_300ms_410V_002_17102024
7,5888.816,2.5e-05,Na_300ms_410V_002_17102024
8,5888.936,2.6e-05,Na_300ms_410V_002_17102024
9,5889.0557,2.8e-05,Na_300ms_410V_002_17102024
10,5889.1753,2.867e-05,Na_300ms_410V_002_17102024
11,5889.295,3e-05,Na_300ms_410V_002_17102024
12,5889.415,3.1e-05,Na_300ms_410V_002_17102024
13,5889.5347,3.2e-05,Na_300ms_410V_002_17102024
14,5889.6543,3.3e-05,Na_300ms_410V_002_17102024
15,5889.774,3.8e-05,Na_300ms_410V_002_17102024
16,5889.8936,3.8e-05,Na_300ms_410V_002_17102024
17,5890.0137,3.8e-05,Na_300ms_410V_002_17102024
18,5890.1333,5e-05,Na_300ms_410V_002_17102024
19,5890.253,5.967e-05,Na_300ms_410V_002_17102024
20,5890.3726,6.7e-05,Na_300ms_410V_002_17102024
21,5890.4927,7.6e-05,Na_300ms_410V_002_17102024
22,5890.6123,8.867e-05,Na_300ms_410V_002_17102024
23,5890.732,0.000107,Na_300ms_410V_002_17102024
24,5890.8516,0.000132,Na_300ms_410V_002_17102024
25,5890.971,0.00015867,Na_300ms_410V_002_17102024
26,5891.0913,0.00019367,Na_300ms_410V_002_17102024
27,5891.211,0.00025433,Na_300ms_410V_002_17102024
28,5891.3306,0.000308,Na_300ms_410V_002_17102024
29,5891.45,0.00040033,Na_300ms_410V_002_17102024
30,5891.5703,0.00050267,Na_300ms_410V_002_17102024
31,5891.69,0.000622,Na_300ms_410V_002_17102024
32,5891.8096,0.000756,Na_300ms_410V_002_17102024
33,5891.929,0.00093533,Na_300ms_410V_002_17102024
34,5892.049,0.001131,Na_300ms_410V_002_17102024
35,5892.169,0.00136,Na_300ms_410V_002_17102024
36,5892.2866,0.00158767,Na_300ms_410V_002_17102024
37,5892.4062,0.00184933,Na_300ms_410V_002_17102024
38,5892.526,0.00212867,Na_300ms_410V_002_17102024
39,5892.646,0.002427,Na_300ms_410V_002_17102024
40,5892.7656,0.00274267,Na_300ms_410V_002_17102024
41,5892.8853,0.00303767,Na_300ms_410V_002_17102024
42,5893.005,0.00334367,Na_300ms_410V_002_17102024
43,5893.125,0.00362867,Na_300ms_410V_002_17102024
44,5893.2446,0.00387033,Na_300ms_410V_002_17102024
45,5893.3643,0.00409033,Na_300ms_410V_002_17102024
46,5893.484,0.004272,Na_300ms_410V_002_17102024
47,5893.6035,0.00440467,Na_300ms_410V_002_17102024
48,5893.7236,0.00456867,Na_300ms_410V_002_17102024
49,5893.8433,0.00466367,Na_300ms_410V_002_17102024
50,5893.963,0.004717,Na_300ms_410V_002_17102024
51,5894.0825,0.00473133,Na_300ms_410V_002_17102024
52,5894.2026,0.004722,Na_300ms_410V_002_17102024
53,5894.3223,0.00465833,Na_300ms_410V_002_17102024
54,5894.442,0.00453767,Na_300ms_410V_002_17102024
55,5894.5615,0.004402,Na_300ms_410V_002_17102024
56,5894.681,0.00423967,Na_300ms_410V_002_17102024
57,5894.8013,0.00406767,Na_300ms_410V_002_17102024
58,5894.921,0.003851,Na_300ms_410V_002_17102024
59,5895.0405,0.00362467,Na_300ms_410V_002_17102024
60,5895.16,0.00338033,Na_300ms_410V_002_17102024
61,5895.2803,0.003151,Na_300ms_410V_002_17102024
62,5895.4,0.00288433,Na_300ms_410V_002_17102024
63,5895.5195,0.002601,Na_300ms_410V_002_17102024
64,5895.639,0.002336,Na_300ms_410V_002_17102024
65,5895.759,0.00206033,Na_300ms_410V_002_17102024
66,5895.879,0.00179533,Na_300ms_410V_002_17102024
67,5895.9985,0.00154867,Na_300ms_410V_002_17102024
68,5896.118,0.00133433,Na_300ms_410V_002_17102024
69,5896.236,0.00117433,Na_300ms_410V_002_17102024
70,5896.356,0.00099767,Na_300ms_410V_002_17102024
71,5896.4756,0.00084533,Na_300ms_410V_002_17102024
72,5896.595,0.000737,Na_300ms_410V_002_17102024
73,5896.715,0.000657,Na_300ms_410V_002_17102024
74,5896.8345,0.000601,Na_300ms_410V_002_17102024
75,5896.9546,0.000567,Na_300ms_410V_002_17102024
76,5897.074,0.00057033,Na_300ms_410V_002_17102024
77,5897.194,0.00060267,Na_300ms_410V_002_17102024
78,5897.3135,0.00065,Na_300ms_410V_002_17102024
79,5897.4336,0.00073833,Na_300ms_410V_002_17102024
80,5897.553,0.00086,Na_300ms_410V_002_17102024
81,5897.673,0.000986,Na_300ms_410V_002_17102024
82,5897.7925,0.00111533,Na_300ms_410V_002_17102024
83,5897.912,0.00128467,Na_300ms_410V_002_17102024
84,5898.032,0.00147267,Na_300ms_410V_002_17102024
85,5898.152,0.00166167,Na_300ms_410V_002_17102024
86,5898.2715,0.001816,Na_300ms_410V_002_17102024
87,5898.391,0.002012,Na_300ms_410V_002_17102024
88,5898.511,0.00221133,Na_300ms_410V_002_17102024
89,5898.631,0.00237367,Na_300ms_410V_002_17102024
90,5898.7505,0.00255267,Na_300ms_410V_002_17102024
91,5898.87,0.002691,Na_300ms_410V_002_17102024
92,5898.9897,0.00284167,Na_300ms_410V_002_17102024
93,5899.11,0.00292767,Na_300ms_410V_002_17102024
94,5899.2295,0.00302833,Na_300ms_410V_002_17102024
95,5899.349,0.00306767,Na_300ms_410V_002_17102024
96,5899.4688,0.00312533,Na_300ms_410V_002_17102024
97,5899.589,0.003141,Na_300ms_410V_002_17102024
98,5899.7085,0.00314667,Na_300ms_410V_002_17102024
99,5899.828,0.003172,Na_300ms_410V_002_17102024
100,5899.9478,0.00312333,Na_300ms_410V_002_17102024
101,5900.0674,0.003076,Na_300ms_410V_002_17102024
102,5900.1855,0.00307033,Na_300ms_410V_002_17102024
103,5900.305,0.00296433,Na_300ms_410V_002_17102024
104,5900.425,0.002796,Na_300ms_410V_002_17102024
105,5900.5444,0.00269533,Na_300ms_410V_002_17102024
106,5900.6646,0.00252433,Na_300ms_410V_002_17102024
107,5900.784,0.00239867,Na_300ms_410V_002_17102024
108,5900.904,0.00224867,Na_300ms_410V_002_17102024
109,5901.0234,0.00206133,Na_300ms_410V_002_17102024
110,5901.143,0.0019,Na_300ms_410V_002_17102024
111,5901.263,0.00175633,Na_300ms_410V_002_17102024
112,5901.383,0.00160967,Na_300ms_410V_002_17102024
113,5901.5024,0.00138833,Na_300ms_410V_002_17102024
114,5901.622,0.00122533,Na_300ms_410V_002_17102024
115,5901.742,0.00106033,Na_300ms_410V_002_17102024
116,5901.862,0.00089933,Na_300ms_410V_002_17102024
117,5901.9814,0.000755,Na_300ms_410V_002_17102024
118,5902.101,0.000625,Na_300ms_410V_002_17102024
119,5902.2207,0.00051867,Na_300ms_410V_002_17102024
120,5902.341,0.00042133,Na_300ms_410V_002_17102024
121,5902.4604,0.00033967,Na_300ms_410V_002_17102024
122,5902.58,0.000262,Na_300ms_410V_002_17102024
123,5902.6997,0.00021033,Na_300ms_410V_002_17102024
124,5902.82,0.00016367,Na_300ms_410V_002_17102024
125,5902.9395,0.00012933,Na_300ms_410V_002_17102024
126,5903.059,9.433e-05,Na_300ms_410V_002_17102024
127,5903.1787,7.5e-05,Na_300ms_410V_002_17102024
128,5903.2983,6.3e-05,Na_300ms_410V_002_17102024
129,5903.4185,5e-05,Na_300ms_410V_002_17102024
130,5903.538,4.5e-05,Na_300ms_410V_002_17102024
131,5903.6577,4.2e-05,Na_300ms_410V_002_17102024
132,5903.7773,3.8e-05,Na_300ms_410V_002_17102024
133,5903.8975,3.467e-05,Na_300ms_410V_002_17102024
134,5904.017,3.3e-05,Na_300ms_410V_002_17102024
135,5904.135,3e-05,Na_300ms_410V_002_17102024
136,5904.2544,3e-05,Na_300ms_410V_002_17102024
137,5904.3745,2.867e-05,Na_300ms_410V_002_17102024
138,5904.494,2.8e-05,Na_300ms_410V_002_17102024
139,5904.614,2.5e-05,Na_300ms_410V_002_17102024
140,5904.7334,2.5e-05,Na_300ms_410V_002_17102024
141,5904.853,2.5e-05,Na_300ms_410V_002_17102024
142,5904.973,2.333e-05,Na_300ms_410V_002_17102024
143,5905.093,2.167e-05,Na_300ms_410V_002_17102024
144,5905.2124,2.1e-05,Na_300ms_410V_002_17102024
145,5905.332,2e-05,Na_300ms_410V_002_17102024
146,5905.452,1.8e-05,Na_300ms_410V_002_17102024
147,5905.572,1.867e-05,Na_300ms_410V_002_17102024
148,5905.6914,1.8e-05,Na_300ms_410V_002_17102024
149,5905.811,1.8e-05,Na_300ms_410V_002_17102024
150,5905.9307,1.8e-05,Na_300ms_410V_002_17102024
