,wl,mean,meta
0,5887.5107,-7.65e-06,Na_300ms_600V__1tac_out1tac_in_307Hz_011_29102024
1,5887.657,-8.88e-06,Na_300ms_600V__1tac_out1tac_in_307Hz_011_29102024
2,5887.806,-8.37e-06,Na_300ms_600V__1tac_out1tac_in_307Hz_011_29102024
3,5887.9526,-1.032e-05,Na_300ms_600V__1tac_out1tac_in_307Hz_011_29102024
4,5888.1016,-7.2e-06,Na_300ms_600V__1tac_out1tac_in_307Hz_011_29102024
5,5888.2485,-7.4e-06,Na_300ms_600V__1tac_out1tac_in_307Hz_011_29102024
6,5888.395,-8.25e-06,Na_300ms_600V__1tac_out1tac_in_307Hz_011_29102024
7,5888.544,-8.08e-06,Na_300ms_600V__1tac_out1tac_in_307Hz_011_29102024
8,5888.6904,-8.53e-06,Na_300ms_600V__1tac_out1tac_in_307Hz_011_29102024
9,5888.8394,-8.82e-06,Na_300ms_600V__1tac_out1tac_in_307Hz_011_29102024
10,5888.9863,-6.87e-06,Na_300ms_600V__1tac_out1tac_in_307Hz_011_29102024
11,5889.135,-7.12e-06,Na_300ms_600V__1tac_out1tac_in_307Hz_011_29102024
12,5889.2817,-7.93e-06,Na_300ms_600V__1tac_out1tac_in_307Hz_011_29102024
13,5889.43,-8.28e-06,Na_300ms_600V__1tac_out1tac_in_307Hz_011_29102024
14,5889.577,-7.83e-06,Na_300ms_600V__1tac_out1tac_in_307Hz_011_29102024
15,5889.7256,-8.42e-06,Na_300ms_600V__1tac_out1tac_in_307Hz_011_29102024
16,5889.8726,-6.82e-06,Na_300ms_600V__1tac_out1tac_in_307Hz_011_29102024
17,5890.0195,-5.73e-06,Na_300ms_600V__1tac_out1tac_in_307Hz_011_29102024
18,5890.168,-5.23e-06,Na_300ms_600V__1tac_out1tac_in_307Hz_011_29102024
19,5890.315,-2.55e-06,Na_300ms_600V__1tac_out1tac_in_307Hz_011_29102024
20,5890.4634,8e-07,Na_300ms_600V__1tac_out1tac_in_307Hz_011_29102024
21,5890.6104,8.85e-06,Na_300ms_600V__1tac_out1tac_in_307Hz_011_29102024
22,5890.759,1.962e-05,Na_300ms_600V__1tac_out1tac_in_307Hz_011_29102024
23,5890.906,3.332e-05,Na_300ms_600V__1tac_out1tac_in_307Hz_011_29102024
24,5891.0547,5.21e-05,Na_300ms_600V__1tac_out1tac_in_307Hz_011_29102024
25,5891.201,6.358e-05,Na_300ms_600V__1tac_out1tac_in_307Hz_011_29102024
26,5891.35,7.477e-05,Na_300ms_600V__1tac_out1tac_in_307Hz_011_29102024
27,5891.4966,8.18e-05,Na_300ms_600V__1tac_out1tac_in_307Hz_011_29102024
28,5891.6436,8.342e-05,Na_300ms_600V__1tac_out1tac_in_307Hz_011_29102024
29,5891.792,8.39e-05,Na_300ms_600V__1tac_out1tac_in_307Hz_011_29102024
30,5891.939,8.467e-05,Na_300ms_600V__1tac_out1tac_in_307Hz_011_29102024
31,5892.088,8.568e-05,Na_300ms_600V__1tac_out1tac_in_307Hz_011_29102024
32,5892.2344,8.833e-05,Na_300ms_600V__1tac_out1tac_in_307Hz_011_29102024
33,5892.3833,9.018e-05,Na_300ms_600V__1tac_out1tac_in_307Hz_011_29102024
34,5892.53,9.027e-05,Na_300ms_600V__1tac_out1tac_in_307Hz_011_29102024
35,5892.6787,8.623e-05,Na_300ms_600V__1tac_out1tac_in_307Hz_011_29102024
36,5892.825,8.068e-05,Na_300ms_600V__1tac_out1tac_in_307Hz_011_29102024
37,5892.972,7.805e-05,Na_300ms_600V__1tac_out1tac_in_307Hz_011_29102024
38,5893.121,7.393e-05,Na_300ms_600V__1tac_out1tac_in_307Hz_011_29102024
39,5893.2676,7.227e-05,Na_300ms_600V__1tac_out1tac_in_307Hz_011_29102024
40,5893.4165,6.715e-05,Na_300ms_600V__1tac_out1tac_in_307Hz_011_29102024
41,5893.563,6.582e-05,Na_300ms_600V__1tac_out1tac_in_307Hz_011_29102024
42,5893.712,6.68e-05,Na_300ms_600V__1tac_out1tac_in_307Hz_011_29102024
43,5893.8584,7.09e-05,Na_300ms_600V__1tac_out1tac_in_307Hz_011_29102024
44,5894.0073,8e-05,Na_300ms_600V__1tac_out1tac_in_307Hz_011_29102024
45,5894.1543,8.313e-05,Na_300ms_600V__1tac_out1tac_in_307Hz_011_29102024
46,5894.3027,8.72e-05,Na_300ms_600V__1tac_out1tac_in_307Hz_011_29102024
47,5894.4497,9.032e-05,Na_300ms_600V__1tac_out1tac_in_307Hz_011_29102024
48,5894.596,9.083e-05,Na_300ms_600V__1tac_out1tac_in_307Hz_011_29102024
49,5894.745,9.227e-05,Na_300ms_600V__1tac_out1tac_in_307Hz_011_29102024
50,5894.892,9.627e-05,Na_300ms_600V__1tac_out1tac_in_307Hz_011_29102024
51,5895.0405,0.00010052,Na_300ms_600V__1tac_out1tac_in_307Hz_011_29102024
52,5895.1875,0.00010338,Na_300ms_600V__1tac_out1tac_in_307Hz_011_29102024
53,5895.336,0.00010323,Na_300ms_600V__1tac_out1tac_in_307Hz_011_29102024
54,5895.483,0.00010285,Na_300ms_600V__1tac_out1tac_in_307Hz_011_29102024
55,5895.6313,0.00010232,Na_300ms_600V__1tac_out1tac_in_307Hz_011_29102024
56,5895.7783,9.727e-05,Na_300ms_600V__1tac_out1tac_in_307Hz_011_29102024
57,5895.927,9.442e-05,Na_300ms_600V__1tac_out1tac_in_307Hz_011_29102024
58,5896.0737,8.917e-05,Na_300ms_600V__1tac_out1tac_in_307Hz_011_29102024
59,5896.2207,8.595e-05,Na_300ms_600V__1tac_out1tac_in_307Hz_011_29102024
60,5896.369,8.24e-05,Na_300ms_600V__1tac_out1tac_in_307Hz_011_29102024
61,5896.516,7.757e-05,Na_300ms_600V__1tac_out1tac_in_307Hz_011_29102024
62,5896.6646,7.347e-05,Na_300ms_600V__1tac_out1tac_in_307Hz_011_29102024
63,5896.8115,6.845e-05,Na_300ms_600V__1tac_out1tac_in_307Hz_011_29102024
64,5896.9604,6.41e-05,Na_300ms_600V__1tac_out1tac_in_307Hz_011_29102024
65,5897.107,6.268e-05,Na_300ms_600V__1tac_out1tac_in_307Hz_011_29102024
66,5897.256,5.978e-05,Na_300ms_600V__1tac_out1tac_in_307Hz_011_29102024
67,5897.4023,5.773e-05,Na_300ms_600V__1tac_out1tac_in_307Hz_011_29102024
68,5897.5513,5.732e-05,Na_300ms_600V__1tac_out1tac_in_307Hz_011_29102024
69,5897.6978,5.735e-05,Na_300ms_600V__1tac_out1tac_in_307Hz_011_29102024
70,5897.8447,6.067e-05,Na_300ms_600V__1tac_out1tac_in_307Hz_011_29102024
71,5897.9937,6.027e-05,Na_300ms_600V__1tac_out1tac_in_307Hz_011_29102024
72,5898.14,6.062e-05,Na_300ms_600V__1tac_out1tac_in_307Hz_011_29102024
73,5898.289,5.618e-05,Na_300ms_600V__1tac_out1tac_in_307Hz_011_29102024
74,5898.4355,5.367e-05,Na_300ms_600V__1tac_out1tac_in_307Hz_011_29102024
75,5898.5845,5.01e-05,Na_300ms_600V__1tac_out1tac_in_307Hz_011_29102024
76,5898.731,4.72e-05,Na_300ms_600V__1tac_out1tac_in_307Hz_011_29102024
77,5898.88,4.468e-05,Na_300ms_600V__1tac_out1tac_in_307Hz_011_29102024
78,5899.027,4.227e-05,Na_300ms_600V__1tac_out1tac_in_307Hz_011_29102024
79,5899.1753,4.07e-05,Na_300ms_600V__1tac_out1tac_in_307Hz_011_29102024
80,5899.3223,4.073e-05,Na_300ms_600V__1tac_out1tac_in_307Hz_011_29102024
81,5899.4688,4.258e-05,Na_300ms_600V__1tac_out1tac_in_307Hz_011_29102024
82,5899.6177,4.728e-05,Na_300ms_600V__1tac_out1tac_in_307Hz_011_29102024
83,5899.764,5.187e-05,Na_300ms_600V__1tac_out1tac_in_307Hz_011_29102024
84,5899.913,5.5e-05,Na_300ms_600V__1tac_out1tac_in_307Hz_011_29102024
85,5900.06,5.715e-05,Na_300ms_600V__1tac_out1tac_in_307Hz_011_29102024
86,5900.2085,5.987e-05,Na_300ms_600V__1tac_out1tac_in_307Hz_011_29102024
87,5900.3555,5.89e-05,Na_300ms_600V__1tac_out1tac_in_307Hz_011_29102024
88,5900.504,6.015e-05,Na_300ms_600V__1tac_out1tac_in_307Hz_011_29102024
89,5900.651,6.325e-05,Na_300ms_600V__1tac_out1tac_in_307Hz_011_29102024
90,5900.7993,6.442e-05,Na_300ms_600V__1tac_out1tac_in_307Hz_011_29102024
91,5900.9463,6.823e-05,Na_300ms_600V__1tac_out1tac_in_307Hz_011_29102024
92,5901.0933,6.725e-05,Na_300ms_600V__1tac_out1tac_in_307Hz_011_29102024
93,5901.2417,6.788e-05,Na_300ms_600V__1tac_out1tac_in_307Hz_011_29102024
94,5901.3887,6.403e-05,Na_300ms_600V__1tac_out1tac_in_307Hz_011_29102024
95,5901.537,6.293e-05,Na_300ms_600V__1tac_out1tac_in_307Hz_011_29102024
96,5901.684,5.78e-05,Na_300ms_600V__1tac_out1tac_in_307Hz_011_29102024
97,5901.8325,5.185e-05,Na_300ms_600V__1tac_out1tac_in_307Hz_011_29102024
98,5901.9795,4.46e-05,Na_300ms_600V__1tac_out1tac_in_307Hz_011_29102024
99,5902.1284,3.433e-05,Na_300ms_600V__1tac_out1tac_in_307Hz_011_29102024
100,5902.275,2.505e-05,Na_300ms_600V__1tac_out1tac_in_307Hz_011_29102024
101,5902.424,1.443e-05,Na_300ms_600V__1tac_out1tac_in_307Hz_011_29102024
102,5902.5703,6.13e-06,Na_300ms_600V__1tac_out1tac_in_307Hz_011_29102024
103,5902.7173,-3.8e-07,Na_300ms_600V__1tac_out1tac_in_307Hz_011_29102024
104,5902.866,-4.42e-06,Na_300ms_600V__1tac_out1tac_in_307Hz_011_29102024
105,5903.0127,-5.13e-06,Na_300ms_600V__1tac_out1tac_in_307Hz_011_29102024
106,5903.1616,-6.77e-06,Na_300ms_600V__1tac_out1tac_in_307Hz_011_29102024
107,5903.308,-7.43e-06,Na_300ms_600V__1tac_out1tac_in_307Hz_011_29102024
108,5903.457,-8.88e-06,Na_300ms_600V__1tac_out1tac_in_307Hz_011_29102024
109,5903.6035,-8.8e-06,Na_300ms_600V__1tac_out1tac_in_307Hz_011_29102024
110,5903.7524,-8.33e-06,Na_300ms_600V__1tac_out1tac_in_307Hz_011_29102024
111,5903.8994,-7.6e-06,Na_300ms_600V__1tac_out1tac_in_307Hz_011_29102024
112,5904.048,-6.83e-06,Na_300ms_600V__1tac_out1tac_in_307Hz_011_29102024
113,5904.195,-7.1e-06,Na_300ms_600V__1tac_out1tac_in_307Hz_011_29102024
114,5904.3413,-8.1e-06,Na_300ms_600V__1tac_out1tac_in_307Hz_011_29102024
115,5904.49,-9.65e-06,Na_300ms_600V__1tac_out1tac_in_307Hz_011_29102024
116,5904.6367,-9.38e-06,Na_300ms_600V__1tac_out1tac_in_307Hz_011_29102024
117,5904.7856,-8.23e-06,Na_300ms_600V__1tac_out1tac_in_307Hz_011_29102024
118,5904.9326,-7.53e-06,Na_300ms_600V__1tac_out1tac_in_307Hz_011_29102024
119,5905.081,-7.77e-06,Na_300ms_600V__1tac_out1tac_in_307Hz_011_29102024
120,5905.228,-7.83e-06,Na_300ms_600V__1tac_out1tac_in_307Hz_011_29102024
121,5905.3765,-8.07e-06,Na_300ms_600V__1tac_out1tac_in_307Hz_011_29102024
122,5905.5234,-9.28e-06,Na_300ms_600V__1tac_out1tac_in_307Hz_011_29102024
123,5905.672,-7.93e-06,Na_300ms_600V__1tac_out1tac_in_307Hz_011_29102024
