,wl,mean,meta
0,5886.0063,-2e-08,Na_300ms_410V_009_17102024
1,5886.1743,-1.5e-07,Na_300ms_410V_009_17102024
2,5886.3423,7e-08,Na_300ms_410V_009_17102024
3,5886.5103,-1.4e-07,Na_300ms_410V_009_17102024
4,5886.678,9e-08,Na_300ms_410V_009_17102024
5,5886.846,3.3e-07,Na_300ms_410V_009_17102024
6,5887.014,-1.3e-07,Na_300ms_410V_009_17102024
7,5887.18,-1.5e-07,Na_300ms_410V_009_17102024
8,5887.3486,2.7e-07,Na_300ms_410V_009_17102024
9,5887.5166,7e-08,Na_300ms_410V_009_17102024
10,5887.6846,6e-08,Na_300ms_410V_009_17102024
11,5887.8525,8e-08,Na_300ms_410V_009_17102024
12,5888.0205,2e-08,Na_300ms_410V_009_17102024
13,5888.1885,0.0,Na_300ms_410V_009_17102024
14,5888.3564,-3e-08,Na_300ms_410V_009_17102024
15,5888.5225,1.5e-07,Na_300ms_410V_009_17102024
16,5888.6904,2.1e-07,Na_300ms_410V_009_17102024
17,5888.8584,2.6e-07,Na_300ms_410V_009_17102024
18,5889.027,1.7e-07,Na_300ms_410V_009_17102024
19,5889.195,4e-08,Na_300ms_410V_009_17102024
20,5889.363,2.3e-07,Na_300ms_410V_009_17102024
21,5889.531,1e-07,Na_300ms_410V_009_17102024
22,5889.6987,1.4e-07,Na_300ms_410V_009_17102024
23,5889.8647,3.4e-07,Na_300ms_410V_009_17102024
24,5890.0327,3.9e-07,Na_300ms_410V_009_17102024
25,5890.2007,6e-07,Na_300ms_410V_009_17102024
26,5890.3687,1.05e-06,Na_300ms_410V_009_17102024
27,5890.537,1.61e-06,Na_300ms_410V_009_17102024
28,5890.705,1.99e-06,Na_300ms_410V_009_17102024
29,5890.873,2.88e-06,Na_300ms_410V_009_17102024
30,5891.041,3.15e-06,Na_300ms_410V_009_17102024
31,5891.209,3.74e-06,Na_300ms_410V_009_17102024
32,5891.375,3.98e-06,Na_300ms_410V_009_17102024
33,5891.543,4.36e-06,Na_300ms_410V_009_17102024
34,5891.711,4.56e-06,Na_300ms_410V_009_17102024
35,5891.879,5.3e-06,Na_300ms_410V_009_17102024
36,5892.0474,6.37e-06,Na_300ms_410V_009_17102024
37,5892.2153,7.39e-06,Na_300ms_410V_009_17102024
38,5892.3833,8.82e-06,Na_300ms_410V_009_17102024
39,5892.5513,1.075e-05,Na_300ms_410V_009_17102024
40,5892.7173,1.277e-05,Na_300ms_410V_009_17102024
41,5892.8853,1.6e-05,Na_300ms_410V_009_17102024
42,5893.053,1.938e-05,Na_300ms_410V_009_17102024
43,5893.221,2.33e-05,Na_300ms_410V_009_17102024
44,5893.389,2.987e-05,Na_300ms_410V_009_17102024
45,5893.557,3.541e-05,Na_300ms_410V_009_17102024
46,5893.7256,4.101e-05,Na_300ms_410V_009_17102024
47,5893.8936,4.455e-05,Na_300ms_410V_009_17102024
48,5894.0596,4.652e-05,Na_300ms_410V_009_17102024
49,5894.2275,4.641e-05,Na_300ms_410V_009_17102024
50,5894.3955,4.533e-05,Na_300ms_410V_009_17102024
51,5894.5635,4.347e-05,Na_300ms_410V_009_17102024
52,5894.7314,4.168e-05,Na_300ms_410V_009_17102024
53,5894.8994,3.918e-05,Na_300ms_410V_009_17102024
54,5895.0674,3.554e-05,Na_300ms_410V_009_17102024
55,5895.236,2.838e-05,Na_300ms_410V_009_17102024
56,5895.404,1.871e-05,Na_300ms_410V_009_17102024
57,5895.57,1.125e-05,Na_300ms_410V_009_17102024
58,5895.738,6.58e-06,Na_300ms_410V_009_17102024
59,5895.906,4.4e-06,Na_300ms_410V_009_17102024
60,5896.0737,3.63e-06,Na_300ms_410V_009_17102024
61,5896.2417,3.34e-06,Na_300ms_410V_009_17102024
62,5896.4097,3.22e-06,Na_300ms_410V_009_17102024
63,5896.5776,3.08e-06,Na_300ms_410V_009_17102024
64,5896.7456,3.3e-06,Na_300ms_410V_009_17102024
65,5896.912,3.23e-06,Na_300ms_410V_009_17102024
66,5897.08,2.93e-06,Na_300ms_410V_009_17102024
67,5897.248,3.35e-06,Na_300ms_410V_009_17102024
68,5897.416,3.89e-06,Na_300ms_410V_009_17102024
69,5897.584,4.63e-06,Na_300ms_410V_009_17102024
70,5897.752,5.13e-06,Na_300ms_410V_009_17102024
71,5897.92,5.72e-06,Na_300ms_410V_009_17102024
72,5898.088,6.56e-06,Na_300ms_410V_009_17102024
73,5898.2544,8.31e-06,Na_300ms_410V_009_17102024
74,5898.4224,1.015e-05,Na_300ms_410V_009_17102024
75,5898.5903,1.218e-05,Na_300ms_410V_009_17102024
76,5898.7583,1.521e-05,Na_300ms_410V_009_17102024
77,5898.9263,1.847e-05,Na_300ms_410V_009_17102024
78,5899.094,2.188e-05,Na_300ms_410V_009_17102024
79,5899.262,2.53e-05,Na_300ms_410V_009_17102024
80,5899.43,2.82e-05,Na_300ms_410V_009_17102024
81,5899.596,3.034e-05,Na_300ms_410V_009_17102024
82,5899.764,3.157e-05,Na_300ms_410V_009_17102024
83,5899.9326,3.143e-05,Na_300ms_410V_009_17102024
84,5900.1006,3.125e-05,Na_300ms_410V_009_17102024
85,5900.2686,2.941e-05,Na_300ms_410V_009_17102024
86,5900.4365,2.806e-05,Na_300ms_410V_009_17102024
87,5900.6045,2.679e-05,Na_300ms_410V_009_17102024
88,5900.7725,2.546e-05,Na_300ms_410V_009_17102024
89,5900.9404,2.132e-05,Na_300ms_410V_009_17102024
90,5901.1064,1.532e-05,Na_300ms_410V_009_17102024
91,5901.2744,8.36e-06,Na_300ms_410V_009_17102024
92,5901.443,4.14e-06,Na_300ms_410V_009_17102024
93,5901.611,2.44e-06,Na_300ms_410V_009_17102024
94,5901.779,1.29e-06,Na_300ms_410V_009_17102024
95,5901.947,9.8e-07,Na_300ms_410V_009_17102024
96,5902.1147,8e-07,Na_300ms_410V_009_17102024
97,5902.2827,5.6e-07,Na_300ms_410V_009_17102024
98,5902.4487,6e-07,Na_300ms_410V_009_17102024
99,5902.6167,3.4e-07,Na_300ms_410V_009_17102024
100,5902.7847,1.8e-07,Na_300ms_410V_009_17102024
101,5902.9526,4.3e-07,Na_300ms_410V_009_17102024
102,5903.121,2.3e-07,Na_300ms_410V_009_17102024
103,5903.289,1.1e-07,Na_300ms_410V_009_17102024
104,5903.457,1.6e-07,Na_300ms_410V_009_17102024
105,5903.625,1.4e-07,Na_300ms_410V_009_17102024
106,5903.791,3.6e-07,Na_300ms_410V_009_17102024
107,5903.959,2.4e-07,Na_300ms_410V_009_17102024
108,5904.127,3e-08,Na_300ms_410V_009_17102024
109,5904.295,1.1e-07,Na_300ms_410V_009_17102024
110,5904.463,2.2e-07,Na_300ms_410V_009_17102024
111,5904.6313,-8e-08,Na_300ms_410V_009_17102024
112,5904.7993,2.4e-07,Na_300ms_410V_009_17102024
113,5904.9673,2e-08,Na_300ms_410V_009_17102024
114,5905.1353,2.3e-07,Na_300ms_410V_009_17102024
115,5905.3013,2e-07,Na_300ms_410V_009_17102024
116,5905.469,7e-08,Na_300ms_410V_009_17102024
