,wl,mean,meta
0,5887.8794,9.7e-07,Na_300ms_410V_003_17102024
1,5888.1826,9.7e-07,Na_300ms_410V_003_17102024
2,5888.484,1.13e-06,Na_300ms_410V_003_17102024
3,5888.787,1.47e-06,Na_300ms_410V_003_17102024
4,5889.0903,2.07e-06,Na_300ms_410V_003_17102024
5,5889.3936,2.67e-06,Na_300ms_410V_003_17102024
6,5889.697,3.47e-06,Na_300ms_410V_003_17102024
7,5890.0,4.33e-06,Na_300ms_410V_003_17102024
8,5890.303,5.87e-06,Na_300ms_410V_003_17102024
9,5890.6064,9.3e-06,Na_300ms_410V_003_17102024
10,5890.9097,1.577e-05,Na_300ms_410V_003_17102024
11,5891.213,2.713e-05,Na_300ms_410V_003_17102024
12,5891.516,4.473e-05,Na_300ms_410V_003_17102024
13,5891.8174,7.167e-05,Na_300ms_410V_003_17102024
14,5892.1206,0.00010457,Na_300ms_410V_003_17102024
15,5892.424,0.0001435,Na_300ms_410V_003_17102024
16,5892.727,0.0001779,Na_300ms_410V_003_17102024
17,5893.0303,0.0002044,Na_300ms_410V_003_17102024
18,5893.3335,0.0002244,Na_300ms_410V_003_17102024
19,5893.6367,0.00023237,Na_300ms_410V_003_17102024
20,5893.94,0.00022447,Na_300ms_410V_003_17102024
21,5894.243,0.00020553,Na_300ms_410V_003_17102024
22,5894.5464,0.0001776,Na_300ms_410V_003_17102024
23,5894.849,0.0001479,Na_300ms_410V_003_17102024
24,5895.151,0.0001218,Na_300ms_410V_003_17102024
25,5895.4536,9.743e-05,Na_300ms_410V_003_17102024
26,5895.757,7.753e-05,Na_300ms_410V_003_17102024
27,5896.06,5.98e-05,Na_300ms_410V_003_17102024
28,5896.3633,4.36e-05,Na_300ms_410V_003_17102024
29,5896.6665,2.967e-05,Na_300ms_410V_003_17102024
30,5896.9697,2.337e-05,Na_300ms_410V_003_17102024
31,5897.273,2.42e-05,Na_300ms_410V_003_17102024
32,5897.576,2.993e-05,Na_300ms_410V_003_17102024
33,5897.8794,4.057e-05,Na_300ms_410V_003_17102024
34,5898.1826,5.707e-05,Na_300ms_410V_003_17102024
35,5898.484,7.713e-05,Na_300ms_410V_003_17102024
36,5898.787,9.86e-05,Na_300ms_410V_003_17102024
37,5899.0903,0.00011783,Na_300ms_410V_003_17102024
38,5899.3936,0.00013297,Na_300ms_410V_003_17102024
39,5899.697,0.00014583,Na_300ms_410V_003_17102024
40,5900.0,0.00015507,Na_300ms_410V_003_17102024
41,5900.303,0.00015407,Na_300ms_410V_003_17102024
42,5900.6064,0.0001514,Na_300ms_410V_003_17102024
43,5900.9097,0.0001362,Na_300ms_410V_003_17102024
44,5901.213,0.0001177,Na_300ms_410V_003_17102024
45,5901.516,9.687e-05,Na_300ms_410V_003_17102024
46,5901.8174,7.737e-05,Na_300ms_410V_003_17102024
47,5902.1206,5.953e-05,Na_300ms_410V_003_17102024
48,5902.424,4.347e-05,Na_300ms_410V_003_17102024
49,5902.727,2.787e-05,Na_300ms_410V_003_17102024
50,5903.0303,1.437e-05,Na_300ms_410V_003_17102024
51,5903.3335,6.63e-06,Na_300ms_410V_003_17102024
52,5903.6367,3.6e-06,Na_300ms_410V_003_17102024
53,5903.94,2.53e-06,Na_300ms_410V_003_17102024
54,5904.243,1.87e-06,Na_300ms_410V_003_17102024
55,5904.5464,1.73e-06,Na_300ms_410V_003_17102024
56,5904.849,1.2e-06,Na_300ms_410V_003_17102024
57,5905.151,1.27e-06,Na_300ms_410V_003_17102024
58,5905.4536,1.03e-06,Na_300ms_410V_003_17102024
59,5905.757,1.13e-06,Na_300ms_410V_003_17102024
60,5906.06,7.7e-07,Na_300ms_410V_003_17102024
61,5906.3633,1.03e-06,Na_300ms_410V_003_17102024
62,5906.6665,6.7e-07,Na_300ms_410V_003_17102024
63,5906.9697,7.3e-07,Na_300ms_410V_003_17102024
