5880.00000000    0.00000020    0.00000020    0.00000020    0.00000020
5880.30320587    0.00000007    0.00000030    -0.00000020    0.00000010
5880.60641174    0.00000013    0.00000010    0.00000020    0.00000010
5880.90961761    0.00000027    0.00000020    0.00000030    0.00000030
5881.21282348    0.00000003    0.00000010    0.00000000    0.00000000
5881.51602935    0.00000003    0.00000020    0.00000010    -0.00000020
5881.81730398    0.00000033    0.00000030    0.00000060    0.00000010
5882.12050985    0.00000017    0.00000020    0.00000030    0.00000000
5882.42371572    0.00000023    0.00000030    0.00000020    0.00000020
5882.72692159    0.00000013    0.00000030    0.00000010    0.00000000
5883.03012746    0.00000037    0.00000020    0.00000030    0.00000060
5883.33333333    0.00000050    0.00000060    0.00000070    0.00000020
5883.63653920    0.00000037    0.00000030    0.00000060    0.00000020
5883.93974508    0.00000050    0.00000020    0.00000060    0.00000070
5884.24295095    0.00000037    0.00000060    0.00000030    0.00000020
5884.54615682    0.00000057    0.00000030    0.00000070    0.00000070
5884.84936269    0.00000010    0.00000000    0.00000020    0.00000010
5885.15063731    0.00000050    0.00000060    0.00000070    0.00000020
5885.45384318    0.00000040    0.00000070    0.00000030    0.00000020
5885.75704905    0.00000050    0.00000070    0.00000020    0.00000060
5886.06025492    0.00000040    0.00000070    0.00000030    0.00000020
5886.36346080    0.00000040    0.00000060    0.00000030    0.00000030
5886.66666667    0.00000047    0.00000060    0.00000060    0.00000020
5886.96987254    0.00000073    0.00000080    0.00000060    0.00000080
5887.27307841    0.00000090    0.00000120    0.00000080    0.00000070
5887.57628428    0.00000073    0.00000080    0.00000060    0.00000080
5887.87949015    0.00000097    0.00000120    0.00000100    0.00000070
5888.18269602    0.00000097    0.00000100    0.00000120    0.00000070
5888.48397065    0.00000113    0.00000130    0.00000080    0.00000130
5888.78717652    0.00000147    0.00000150    0.00000160    0.00000130
5889.09038239    0.00000207    0.00000250    0.00000160    0.00000210
5889.39358826    0.00000267    0.00000260    0.00000270    0.00000270
5889.69679413    0.00000347    0.00000320    0.00000350    0.00000370
5890.00000000    0.00000433    0.00000460    0.00000410    0.00000430
5890.30320587    0.00000587    0.00000560    0.00000600    0.00000600
5890.60641174    0.00000930    0.00000950    0.00000910    0.00000930
5890.90961761    0.00001577    0.00001530    0.00001600    0.00001600
5891.21282348    0.00002713    0.00002700    0.00002720    0.00002720
5891.51602935    0.00004473    0.00004370    0.00004500    0.00004550
5891.81730398    0.00007167    0.00007010    0.00007230    0.00007260
5892.12050985    0.00010457    0.00010370    0.00010450    0.00010550
5892.42371572    0.00014350    0.00014230    0.00014520    0.00014300
5892.72692159    0.00017790    0.00017560    0.00017850    0.00017960
5893.03012746    0.00020440    0.00020450    0.00020660    0.00020210
5893.33333333    0.00022440    0.00022270    0.00022420    0.00022630
5893.63653920    0.00023237    0.00023360    0.00023330    0.00023020
5893.93974508    0.00022447    0.00022330    0.00022480    0.00022530
5894.24295095    0.00020553    0.00020730    0.00020510    0.00020420
5894.54615682    0.00017760    0.00017850    0.00017710    0.00017720
5894.84936269    0.00014790    0.00014900    0.00014750    0.00014720
5895.15063731    0.00012180    0.00012300    0.00012210    0.00012030
5895.45384318    0.00009743    0.00009800    0.00009700    0.00009730
5895.75704905    0.00007753    0.00007750    0.00007810    0.00007700
5896.06025492    0.00005980    0.00006020    0.00006000    0.00005920
5896.36346080    0.00004360    0.00004420    0.00004330    0.00004330
5896.66666667    0.00002967    0.00003020    0.00003000    0.00002880
5896.96987254    0.00002337    0.00002350    0.00002330    0.00002330
5897.27307841    0.00002420    0.00002400    0.00002430    0.00002430
5897.57628428    0.00002993    0.00002950    0.00003010    0.00003020
5897.87949015    0.00004057    0.00003980    0.00004070    0.00004120
5898.18269602    0.00005707    0.00005630    0.00005760    0.00005730
5898.48397065    0.00007713    0.00007610    0.00007710    0.00007820
5898.78717652    0.00009860    0.00009780    0.00009880    0.00009920
5899.09038239    0.00011783    0.00011720    0.00011810    0.00011820
5899.39358826    0.00013297    0.00013220    0.00013370    0.00013300
5899.69679413    0.00014583    0.00014400    0.00014600    0.00014750
5900.00000000    0.00015507    0.00015550    0.00015560    0.00015410
5900.30320587    0.00015407    0.00015400    0.00015400    0.00015420
5900.60641174    0.00015140    0.00015160    0.00015180    0.00015080
5900.90961761    0.00013620    0.00013730    0.00013650    0.00013480
5901.21282348    0.00011770    0.00011910    0.00011620    0.00011780
5901.51602935    0.00009687    0.00009720    0.00009780    0.00009560
5901.81730398    0.00007737    0.00007870    0.00007670    0.00007670
5902.12050985    0.00005953    0.00006050    0.00005930    0.00005880
5902.42371572    0.00004347    0.00004450    0.00004320    0.00004270
5902.72692159    0.00002787    0.00002880    0.00002770    0.00002710
5903.03012746    0.00001437    0.00001520    0.00001410    0.00001380
5903.33333333    0.00000663    0.00000720    0.00000650    0.00000620
5903.63653920    0.00000360    0.00000380    0.00000370    0.00000330
5903.93974508    0.00000253    0.00000250    0.00000250    0.00000260
5904.24295095    0.00000187    0.00000180    0.00000180    0.00000200
5904.54615682    0.00000173    0.00000180    0.00000160    0.00000180
5904.84936269    0.00000120    0.00000120    0.00000120    0.00000120
5905.15063731    0.00000127    0.00000100    0.00000120    0.00000160
5905.45384318    0.00000103    0.00000130    0.00000100    0.00000080
5905.75704905    0.00000113    0.00000120    0.00000120    0.00000100
5906.06025492    0.00000077    0.00000080    0.00000070    0.00000080
5906.36346080    0.00000103    0.00000120    0.00000070    0.00000120
5906.66666667    0.00000067    0.00000030    0.00000100    0.00000070
5906.96987254    0.00000073    0.00000080    0.00000070    0.00000070
5907.27307841    0.00000077    0.00000070    0.00000100    0.00000060
5907.57628428    0.00000057    0.00000060    0.00000030    0.00000080
5907.87949015    0.00000053    0.00000070    0.00000020    0.00000070
5908.18269602    0.00000050    0.00000030    0.00000060    0.00000060
5908.48397065    0.00000063    0.00000060    0.00000070    0.00000060
5908.78717652    0.00000040    0.00000020    0.00000070    0.00000030
5909.09038239    0.00000047    0.00000060    0.00000060    0.00000020
5909.39358826    0.00000030    0.00000030    0.00000030    0.00000030
5909.69679413    0.00000030    0.00000030    0.00000030    0.00000030
5910.00000000    0.00000040    0.00000060    0.00000030    0.00000030
