5879.79915025    -0.00000018    -0.00000015    -0.00000015    -0.00000025
5879.92081885    0.00000005    0.00000010    0.00000005    0.00000000
5880.04248745    -0.00000005    -0.00000040    0.00000015    0.00000010
5880.16415604    0.00000017    0.00000000    0.00000025    0.00000025
5880.28582464    0.00000017    0.00000030    -0.00000015    0.00000035
5880.40556199    0.00000002    0.00000015    -0.00000025    0.00000015
5880.52723059    -0.00000010    0.00000010    -0.00000030    -0.00000010
5880.64889919    0.00000007    -0.00000010    0.00000025    0.00000005
5880.77056779    0.00000002    0.00000005    0.00000015    -0.00000015
5880.89223638    -0.00000023    -0.00000035    -0.00000040    0.00000005
5881.01197374    -0.00000010    -0.00000015    -0.00000025    0.00000010
5881.13364233    -0.00000012    -0.00000010    -0.00000010    -0.00000015
5881.25531093    0.00000012    0.00000015    0.00000005    0.00000015
5881.37697953    -0.00000008    0.00000000    0.00000000    -0.00000025
5881.49864813    0.00000002    -0.00000005    0.00000035    -0.00000025
5881.61838548    -0.00000002    0.00000005    -0.00000025    0.00000015
5881.74005407    -0.00000005    -0.00000015    0.00000010    -0.00000010
5881.86172267    -0.00000013    -0.00000015    -0.00000010    -0.00000015
5881.98339127    0.00000013    0.00000005    0.00000010    0.00000025
5882.10505987    -0.00000012    -0.00000015    0.00000005    -0.00000025
5882.22479722    0.00000002    -0.00000025    0.00000015    0.00000015
5882.34646582    -0.00000020    -0.00000030    -0.00000040    0.00000010
5882.46813441    -0.00000015    -0.00000025    0.00000010    -0.00000030
5882.58980301    -0.00000002    -0.00000010    0.00000005    0.00000000
5882.71147161    0.00000017    0.00000025    0.00000025    0.00000000
5882.83120896    -0.00000020    0.00000000    -0.00000010    -0.00000050
5882.95287756    0.00000012    -0.00000010    0.00000010    0.00000035
5883.07454616    -0.00000027    -0.00000030    -0.00000035    -0.00000015
5883.19621475    -0.00000022    -0.00000035    -0.00000005    -0.00000025
5883.31788335    0.00000003    -0.00000050    0.00000035    0.00000025
5883.43762070    0.00000007    -0.00000015    0.00000025    0.00000010
5883.55928930    -0.00000018    -0.00000040    -0.00000005    -0.00000010
5883.68095790    -0.00000032    -0.00000030    -0.00000025    -0.00000040
5883.80262650    0.00000007    0.00000015    0.00000010    -0.00000005
5883.92429509    -0.00000012    -0.00000010    -0.00000010    -0.00000015
5884.04403244    -0.00000010    0.00000000    -0.00000035    0.00000005
5884.16570104    0.00000007    -0.00000030    0.00000015    0.00000035
5884.28736964    -0.00000008    0.00000005    -0.00000015    -0.00000015
5884.40903824    -0.00000015    -0.00000030    -0.00000010    -0.00000005
5884.53070684    0.00000005    0.00000005    -0.00000005    0.00000015
5884.65044419    -0.00000008    -0.00000010    -0.00000010    -0.00000005
5884.77211278    -0.00000020    -0.00000025    -0.00000010    -0.00000025
5884.89378138    0.00000005    0.00000000    0.00000005    0.00000010
5885.01544998    -0.00000007    -0.00000010    0.00000000    -0.00000010
5885.13711858    -0.00000007    -0.00000025    0.00000005    0.00000000
5885.25878718    0.00000002    0.00000015    -0.00000015    0.00000005
5885.37852453    0.00000015    -0.00000015    0.00000035    0.00000025
5885.50019312    -0.00000008    0.00000015    -0.00000025    -0.00000015
5885.62186172    -0.00000010    -0.00000035    0.00000005    0.00000000
5885.74353032    -0.00000002    0.00000015    -0.00000025    0.00000005
5885.86519892    0.00000015    0.00000010    0.00000010    0.00000025
5885.98493627    0.00000003    0.00000010    -0.00000005    0.00000005
5886.10660487    -0.00000005    0.00000030    -0.00000040    -0.00000005
5886.22827346    0.00000015    0.00000025    0.00000010    0.00000010
5886.34994206    -0.00000003    0.00000000    0.00000005    -0.00000015
5886.47161066    0.00000013    0.00000025    0.00000005    0.00000010
5886.59134801    -0.00000013    0.00000000    -0.00000030    -0.00000010
5886.71301661    0.00000015    0.00000015    0.00000025    0.00000005
5886.83468521    0.00000023    0.00000035    0.00000030    0.00000005
5886.95635380    0.00000007    0.00000015    0.00000015    -0.00000010
5887.07802240    -0.00000005    0.00000005    -0.00000015    -0.00000005
5887.19775975    0.00000012    0.00000055    -0.00000005    -0.00000015
5887.31942835    0.00000010    0.00000010    0.00000010    0.00000010
5887.44109695    0.00000022    0.00000015    0.00000050    0.00000000
5887.56276555    -0.00000008    -0.00000025    0.00000005    -0.00000005
5887.68443414    0.00000013    0.00000030    0.00000005    0.00000005
5887.80417149    0.00000018    0.00000050    0.00000000    0.00000005
5887.92584009    0.00000007    0.00000015    -0.00000010    0.00000015
5888.04750869    0.00000007    -0.00000015    0.00000030    0.00000005
5888.16917729    -0.00000020    -0.00000030    0.00000000    -0.00000030
5888.29084589    0.00000022    0.00000050    0.00000005    0.00000010
5888.41058324    0.00000015    0.00000025    -0.00000005    0.00000025
5888.53225183    0.00000008    -0.00000015    0.00000025    0.00000015
5888.65392043    0.00000025    0.00000025    0.00000015    0.00000035
5888.77558903    0.00000015    -0.00000005    0.00000025    0.00000025
5888.89725763    0.00000030    0.00000035    0.00000000    0.00000055
5889.01699498    0.00000010    0.00000010    0.00000010    0.00000010
5889.13866358    0.00000008    0.00000005    -0.00000010    0.00000030
5889.26033217    0.00000025    0.00000000    0.00000050    0.00000025
5889.38200077    -0.00000002    0.00000035    -0.00000025    -0.00000015
5889.50366937    0.00000053    0.00000040    0.00000060    0.00000060
5889.62340672    0.00000010    0.00000015    -0.00000015    0.00000030
5889.74507532    0.00000042    0.00000050    0.00000025    0.00000050
5889.86674392    0.00000032    0.00000030    0.00000050    0.00000015
5889.98841251    0.00000040    0.00000015    0.00000050    0.00000055
5890.11008111    0.00000048    0.00000075    0.00000035    0.00000035
5890.22981846    0.00000063    0.00000055    0.00000075    0.00000060
5890.35148706    0.00000115    0.00000085    0.00000125    0.00000135
5890.47315566    0.00000115    0.00000110    0.00000110    0.00000125
5890.59482426    0.00000177    0.00000180    0.00000190    0.00000160
5890.71649285    0.00000207    0.00000185    0.00000200    0.00000235
5890.83623020    0.00000278    0.00000265    0.00000290    0.00000280
5890.95789880    0.00000318    0.00000300    0.00000315    0.00000340
5891.07956740    0.00000397    0.00000400    0.00000385    0.00000405
5891.20123600    0.00000468    0.00000455    0.00000475    0.00000475
5891.32290460    0.00000517    0.00000515    0.00000500    0.00000535
5891.44264195    0.00000592    0.00000560    0.00000615    0.00000600
5891.56431054    0.00000658    0.00000640    0.00000660    0.00000675
5891.68597914    0.00000718    0.00000725    0.00000715    0.00000715
5891.80764774    0.00000787    0.00000760    0.00000815    0.00000785
5891.92931634    0.00000863    0.00000880    0.00000855    0.00000855
5892.04905369    0.00000947    0.00000905    0.00000975    0.00000960
5892.17072229    0.00001023    0.00001035    0.00001025    0.00001010
5892.29239088    0.00001165    0.00001135    0.00001185    0.00001175
5892.41405948    0.00001295    0.00001280    0.00001300    0.00001305
5892.53572808    0.00001428    0.00001390    0.00001435    0.00001460
5892.65546543    0.00001592    0.00001590    0.00001600    0.00001585
5892.77713403    0.00001803    0.00001780    0.00001785    0.00001845
5892.89880263    0.00002068    0.00002045    0.00002085    0.00002075
5893.02047122    0.00002453    0.00002420    0.00002435    0.00002505
5893.14213982    0.00002823    0.00002760    0.00002855    0.00002855
5893.26187717    0.00003350    0.00003275    0.00003395    0.00003380
5893.38354577    0.00004055    0.00003995    0.00004105    0.00004065
5893.50521437    0.00004842    0.00004755    0.00004835    0.00004935
5893.62688297    0.00005485    0.00005490    0.00005470    0.00005495
5893.74855156    0.00006412    0.00006390    0.00006435    0.00006410
5893.86828891    0.00007665    0.00007610    0.00007700    0.00007685
5893.98995751    0.00008712    0.00008665    0.00008730    0.00008740
5894.11162611    0.00009613    0.00009515    0.00009635    0.00009690
5894.23329471    0.00010362    0.00010280    0.00010415    0.00010390
5894.35496331    0.00011085    0.00011040    0.00011085    0.00011130
5894.47470066    0.00011308    0.00011270    0.00011320    0.00011335
5894.59636925    0.00011268    0.00011320    0.00011225    0.00011260
5894.71803785    0.00011115    0.00011160    0.00011130    0.00011055
5894.83970645    0.00010748    0.00010790    0.00010700    0.00010755
5894.96137505    0.00010157    0.00010150    0.00010160    0.00010160
5895.08111240    0.00009865    0.00009900    0.00009830    0.00009865
5895.20278100    0.00009338    0.00009335    0.00009360    0.00009320
5895.32444959    0.00008857    0.00008930    0.00008855    0.00008785
5895.44611819    0.00008077    0.00008170    0.00008005    0.00008055
5895.56778679    0.00007088    0.00007170    0.00007110    0.00006985
5895.68752414    0.00005752    0.00005825    0.00005720    0.00005710
5895.80919274    0.00004245    0.00004340    0.00004195    0.00004200
5895.93086134    0.00002993    0.00003110    0.00002975    0.00002895
5896.05252993    0.00002135    0.00002220    0.00002105    0.00002080
5896.17419853    0.00001488    0.00001510    0.00001480    0.00001475
5896.29393588    0.00001092    0.00001130    0.00001085    0.00001060
5896.41560448    0.00000853    0.00000875    0.00000830    0.00000855
5896.53727308    0.00000740    0.00000775    0.00000730    0.00000715
5896.65894168    0.00000675    0.00000680    0.00000685    0.00000660
5896.78061027    0.00000637    0.00000635    0.00000650    0.00000625
5896.90034762    0.00000618    0.00000630    0.00000625    0.00000600
5897.02201622    0.00000668    0.00000665    0.00000650    0.00000690
5897.14368482    0.00000630    0.00000615    0.00000640    0.00000635
5897.26535342    0.00000678    0.00000690    0.00000660    0.00000685
5897.38702202    0.00000703    0.00000715    0.00000710    0.00000685
5897.50675937    0.00000723    0.00000750    0.00000710    0.00000710
5897.62842796    0.00000738    0.00000735    0.00000725    0.00000755
5897.75009656    0.00000802    0.00000815    0.00000810    0.00000780
5897.87176516    0.00000867    0.00000835    0.00000880    0.00000885
5897.99343376    0.00000947    0.00000940    0.00000965    0.00000935
5898.11317111    0.00001048    0.00001060    0.00001030    0.00001055
5898.23483971    0.00001143    0.00001115    0.00001135    0.00001180
5898.35650830    0.00001260    0.00001275    0.00001255    0.00001250
5898.47817690    0.00001467    0.00001455    0.00001480    0.00001465
5898.59984550    0.00001652    0.00001635    0.00001645    0.00001675
5898.71958285    0.00001927    0.00001925    0.00001925    0.00001930
5898.84125145    0.00002270    0.00002210    0.00002280    0.00002320
5898.96292005    0.00002730    0.00002705    0.00002730    0.00002755
5899.08458864    0.00003153    0.00003135    0.00003155    0.00003170
5899.20625724    0.00003658    0.00003605    0.00003625    0.00003745
5899.32599459    0.00004255    0.00004245    0.00004265    0.00004255
5899.44766319    0.00004577    0.00004515    0.00004570    0.00004645
5899.56933179    0.00004837    0.00004825    0.00004840    0.00004845
5899.69100039    0.00005608    0.00005510    0.00005625    0.00005690
5899.81266898    0.00006270    0.00006125    0.00006270    0.00006415
5899.93240633    0.00006895    0.00006870    0.00006895    0.00006920
5900.05407493    0.00007388    0.00007335    0.00007420    0.00007410
5900.17574353    0.00007625    0.00007590    0.00007620    0.00007665
5900.29741213    0.00007618    0.00007665    0.00007570    0.00007620
5900.41908073    0.00007493    0.00007535    0.00007470    0.00007475
5900.53881808    0.00007333    0.00007335    0.00007325    0.00007340
5900.66048667    0.00006995    0.00007010    0.00006975    0.00007000
5900.78215527    0.00006648    0.00006695    0.00006675    0.00006575
5900.90382387    0.00006448    0.00006490    0.00006420    0.00006435
5901.02549247    0.00006197    0.00006220    0.00006185    0.00006185
5901.14522982    0.00005717    0.00005740    0.00005685    0.00005725
5901.26689842    0.00005090    0.00005145    0.00005110    0.00005015
5901.38856701    0.00004370    0.00004420    0.00004390    0.00004300
5901.51023561    0.00003455    0.00003505    0.00003415    0.00003445
5901.63190421    0.00002395    0.00002455    0.00002395    0.00002335
5901.75357281    0.00001603    0.00001660    0.00001575    0.00001575
5901.87331016    0.00001025    0.00001060    0.00001025    0.00000990
5901.99497876    0.00000692    0.00000710    0.00000690    0.00000675
5902.11664735    0.00000478    0.00000525    0.00000455    0.00000455
5902.23831595    0.00000317    0.00000325    0.00000350    0.00000275
5902.35998455    0.00000217    0.00000225    0.00000210    0.00000215
5902.47972190    0.00000173    0.00000150    0.00000210    0.00000160
5902.60139050    0.00000137    0.00000140    0.00000160    0.00000110
5902.72305910    0.00000120    0.00000115    0.00000110    0.00000135
5902.84472769    0.00000102    0.00000110    0.00000090    0.00000105
5902.96639629    0.00000112    0.00000150    0.00000110    0.00000075
5903.08613364    0.00000078    0.00000080    0.00000075    0.00000080
5903.20780224    0.00000105    0.00000075    0.00000135    0.00000105
5903.32947084    0.00000045    0.00000055    0.00000030    0.00000050
5903.45113944    0.00000073    0.00000080    0.00000065    0.00000075
5903.57280803    0.00000067    0.00000085    0.00000075    0.00000040
5903.69254538    0.00000052    0.00000090    0.00000050    0.00000015
5903.81421398    0.00000045    0.00000055    0.00000030    0.00000050
5903.93588258    0.00000062    0.00000085    0.00000065    0.00000035
5904.05755118    0.00000043    0.00000075    0.00000005    0.00000050
5904.17921978    0.00000052    0.00000050    0.00000030    0.00000075
5904.29895713    0.00000052    0.00000085    0.00000035    0.00000035
5904.42062572    0.00000050    0.00000025    0.00000065    0.00000060
5904.54229432    0.00000035    0.00000060    0.00000035    0.00000010
5904.66396292    0.00000033    0.00000010    0.00000040    0.00000050
5904.78563152    0.00000028    0.00000050    0.00000000    0.00000035
5904.90536887    0.00000020    0.00000030    0.00000025    0.00000005
5905.02703747    0.00000028    0.00000025    0.00000035    0.00000025
5905.14870606    0.00000042    0.00000035    0.00000050    0.00000040
5905.27037466    0.00000022    0.00000030    0.00000010    0.00000025
5905.39204326    0.00000022    0.00000005    0.00000025    0.00000035
5905.51178061    0.00000025    0.00000015    0.00000010    0.00000050
5905.63344921    0.00000013    0.00000010    0.00000000    0.00000030
5905.75511781    0.00000022    0.00000015    0.00000025    0.00000025
5905.87678640    0.00000017    0.00000000    0.00000050    0.00000000
5905.99845500    0.00000033    0.00000035    0.00000025    0.00000040
5906.11819235    0.00000015    0.00000015    -0.00000010    0.00000040
5906.23986095    0.00000028    0.00000015    0.00000035    0.00000035
5906.36152955    -0.00000012    0.00000000    -0.00000025    -0.00000010
5906.48319815    0.00000038    0.00000050    0.00000015    0.00000050
5906.60486674    0.00000017    -0.00000015    0.00000030    0.00000035
5906.72460409    0.00000015    -0.00000030    0.00000050    0.00000025
5906.84627269    0.00000020    -0.00000005    0.00000015    0.00000050
5906.96794129    0.00000023    0.00000050    0.00000030    -0.00000010
5907.08960989    -0.00000003    -0.00000030    0.00000035    -0.00000015
5907.21127849    -0.00000003    -0.00000025    -0.00000010    0.00000025
5907.33101584    -0.00000005    0.00000010    -0.00000035    0.00000010
5907.45268443    -0.00000002    -0.00000015    -0.00000005    0.00000015
5907.57435303    0.00000003    0.00000010    -0.00000010    0.00000010
5907.69602163    -0.00000008    -0.00000010    -0.00000010    -0.00000005
5907.81769023    0.00000010    0.00000025    0.00000005    0.00000000
5907.93742758    -0.00000008    0.00000005    -0.00000025    -0.00000005
5908.05909618    0.00000010    0.00000010    -0.00000010    0.00000030
5908.18076477    0.00000002    -0.00000030    -0.00000005    0.00000040
5908.30243337    -0.00000010    -0.00000015    -0.00000025    0.00000010
5908.42410197    -0.00000007    0.00000015    -0.00000005    -0.00000030
5908.54383932    0.00000008    0.00000010    0.00000010    0.00000005
5908.66550792    -0.00000013    -0.00000030    0.00000025    -0.00000035
5908.78717652    -0.00000008    -0.00000010    -0.00000005    -0.00000010
5908.90884511    0.00000002    -0.00000005    0.00000005    0.00000005
5909.03051371    -0.00000003    -0.00000015    0.00000005    0.00000000
5909.15025106    0.00000013    0.00000015    0.00000030    -0.00000005
5909.27191966    0.00000003    -0.00000010    0.00000010    0.00000010
5909.39358826    -0.00000005    -0.00000035    -0.00000010    0.00000030
5909.51525686    0.00000020    0.00000050    0.00000025    -0.00000015
5909.63692545    -0.00000010    -0.00000015    -0.00000025    0.00000010
5909.75666280    0.00000000    0.00000025    0.00000000    -0.00000025
5909.87833140    -0.00000023    -0.00000010    -0.00000025    -0.00000035
5910.00000000    0.00000015    0.00000035    -0.00000025    0.00000035
