5882.99922750    0.00000300    0.00000300    0.00000300    0.00000300
5883.27346466    0.00000200    0.00000300    0.00000000    0.00000300
5883.54577057    -0.00000267    -0.00000500    0.00000000    -0.00000300
5883.81807648    -0.00000433    -0.00000500    -0.00000500    -0.00000300
5884.09038239    -0.00000100    -0.00000300    0.00000000    0.00000000
5884.36268830    -0.00000200    -0.00000300    0.00000000    -0.00000300
5884.63692545    -0.00000200    -0.00000300    0.00000000    -0.00000300
5884.90923136    -0.00000333    -0.00000500    0.00000000    -0.00000500
5885.18153727    -0.00000167    -0.00000500    0.00000000    0.00000000
5885.45384318    -0.00000200    -0.00000300    0.00000000    -0.00000300
5885.72808034    -0.00000267    -0.00000500    0.00000000    -0.00000300
5886.00038625    0.00000000    0.00000300    -0.00000300    0.00000000
5886.27269216    0.00000000    -0.00000300    0.00000300    0.00000000
5886.54499807    0.00000000    0.00000000    -0.00000000    0.00000000
5886.81730398    0.00000200    0.00000300    0.00000000    0.00000300
5887.09154114    0.00000300    0.00000300    0.00000300    0.00000300
5887.36384705    0.00000600    0.00000800    0.00000500    0.00000500
5887.63615295    0.00001300    0.00001300    0.00001300    0.00001300
5887.90845886    0.00001300    0.00001300    0.00001300    0.00001300
5888.18269602    0.00001300    0.00001300    0.00001300    0.00001300
5888.45500193    0.00001600    0.00001500    0.00001500    0.00001800
5888.72730784    0.00001600    0.00001500    0.00001500    0.00001800
5888.99961375    0.00001867    0.00002000    0.00001800    0.00001800
5889.27191966    0.00002500    0.00002500    0.00002500    0.00002500
5889.54615682    0.00003000    0.00003000    0.00003000    0.00003000
5889.81846273    0.00004100    0.00004000    0.00004300    0.00004000
5890.09076864    0.00005300    0.00005300    0.00005300    0.00005300
5890.36307455    0.00006800    0.00006800    0.00006800    0.00006800
5890.63731170    0.00008800    0.00008800    0.00008800    0.00008800
5890.90961761    0.00010967    0.00010800    0.00011300    0.00010800
5891.18192352    0.00014533    0.00014300    0.00014300    0.00015000
5891.45422943    0.00020267    0.00020000    0.00020300    0.00020500
5891.72653534    0.00030767    0.00029500    0.00031300    0.00031500
5892.00077250    0.00047100    0.00045800    0.00047500    0.00048000
5892.27307841    0.00071033    0.00069300    0.00071300    0.00072500
5892.54538432    0.00103700    0.00101800    0.00105000    0.00104300
5892.81769023    0.00143933    0.00141500    0.00144300    0.00146000
5893.08999614    0.00181100    0.00179000    0.00182000    0.00182300
5893.36423329    0.00228800    0.00226300    0.00227800    0.00232300
5893.63653920    0.00272200    0.00269800    0.00273500    0.00273300
5893.90884511    0.00298867    0.00296800    0.00300000    0.00299800
5894.18115102    0.00309533    0.00309300    0.00309500    0.00309800
5894.45538818    0.00303167    0.00303500    0.00303500    0.00302500
5894.72769409    0.00281867    0.00283300    0.00282500    0.00279800
5895.00000000    0.00245833    0.00248000    0.00245000    0.00244500
5895.27230591    0.00199033    0.00200800    0.00200300    0.00196000
5895.54461182    0.00152533    0.00154300    0.00152800    0.00150500
5895.81884898    0.00112600    0.00114800    0.00111500    0.00111500
5896.09115489    0.00077433    0.00080000    0.00076500    0.00075800
5896.36346080    0.00052367    0.00053800    0.00052000    0.00051300
5896.63576671    0.00034600    0.00035300    0.00034500    0.00034000
5896.91000386    0.00024833    0.00025500    0.00024500    0.00024500
5897.18230977    0.00022600    0.00022500    0.00022500    0.00022800
5897.45461568    0.00026600    0.00026300    0.00026500    0.00027000
5897.72692159    0.00037767    0.00037000    0.00038000    0.00038300
5897.99922750    0.00053700    0.00052800    0.00053800    0.00054500
5898.27346466    0.00075867    0.00074500    0.00076300    0.00076800
5898.54577057    0.00100933    0.00100000    0.00101000    0.00101800
5898.81807648    0.00130600    0.00129300    0.00131000    0.00131500
5899.09038239    0.00159933    0.00158500    0.00160000    0.00161300
5899.36268830    0.00176867    0.00174000    0.00176300    0.00180300
5899.63692545    0.00197633    0.00196300    0.00197800    0.00198800
5899.90923136    0.00204700    0.00204500    0.00204800    0.00204800
5900.18153727    0.00204500    0.00206000    0.00204000    0.00203500
5900.45384318    0.00192500    0.00194500    0.00191500    0.00191500
5900.72808034    0.00169700    0.00169800    0.00169000    0.00170300
5901.00038625    0.00141333    0.00142500    0.00142500    0.00139000
5901.27269216    0.00113367    0.00115500    0.00112800    0.00111800
5901.54499807    0.00084000    0.00085500    0.00084000    0.00082500
5901.81730398    0.00058000    0.00060000    0.00057500    0.00056500
5902.09154114    0.00036200    0.00036800    0.00036500    0.00035300
5902.36384705    0.00022033    0.00022800    0.00021800    0.00021500
5902.63615295    0.00011767    0.00012500    0.00011500    0.00011300
5902.90845886    0.00006367    0.00006500    0.00006300    0.00006300
5903.18269602    0.00003633    0.00003800    0.00003800    0.00003300
5903.45500193    0.00002000    0.00002000    0.00002000    0.00002000
5903.72730784    0.00001867    0.00001800    0.00002000    0.00001800
5903.99961375    0.00001800    0.00001800    0.00001800    0.00001800
5904.27191966    0.00001133    0.00001300    0.00000800    0.00001300
5904.54615682    0.00000700    0.00000800    0.00000500    0.00000800
5904.81846273    0.00001300    0.00001300    0.00001300    0.00001300
5905.09076864    0.00000867    0.00001300    0.00000800    0.00000500
5905.36307455    0.00000500    0.00000500    0.00000500    0.00000500
5905.63731170    0.00000500    0.00000500    0.00000500    0.00000500
5905.90961761    0.00000700    0.00000800    0.00000800    0.00000500
5906.18192352    0.00000600    0.00000500    0.00000800    0.00000500
5906.45422943    0.00000500    0.00000500    0.00000500    0.00000500
5906.72653534    0.00000500    0.00000500    0.00000500    0.00000500
5907.00077250    0.00000367    0.00000300    0.00000500    0.00000300
5907.27307841    0.00000200    0.00000300    0.00000300    0.00000000
5907.54538432    -0.00000100    -0.00000300    0.00000000    0.00000000
5907.81769023    -0.00000167    -0.00000500    -0.00000300    0.00000300
5908.08999614    -0.00000267    -0.00000500    -0.00000300    0.00000000
5908.36423329    -0.00000100    -0.00000300    0.00000000    0.00000000
5908.63653920    -0.00000167    -0.00000500    -0.00000300    0.00000300
5908.90884511    0.00000000    -0.00000300    0.00000300    0.00000000
5909.18115102    -0.00000200    -0.00000300    0.00000000    -0.00000300
5909.45538818    -0.00000200    -0.00000300    -0.00000300    0.00000000
5909.72769409    -0.00000100    -0.00000300    0.00000000    0.00000000
5910.00000000    -0.00000267    -0.00000500    -0.00000300    0.00000000
