5880.20084975    0.00000433    0.00000500    0.00000500    0.00000300
5880.32058710    0.00000500    0.00000500    0.00000500    0.00000500
5880.43839320    0.00000433    0.00000500    0.00000300    0.00000500
5880.55813055    0.00000500    0.00000500    0.00000500    0.00000500
5880.67786790    0.00000433    0.00000300    0.00000500    0.00000500
5880.79760525    0.00000500    0.00000500    0.00000500    0.00000500
5880.91734260    0.00000500    0.00000500    0.00000500    0.00000500
5881.03707995    0.00000500    0.00000500    0.00000500    0.00000500
5881.15681730    0.00000500    0.00000500    0.00000500    0.00000500
5881.27655465    0.00000500    0.00000500    0.00000500    0.00000500
5881.39629200    0.00000500    0.00000500    0.00000500    0.00000500
5881.51602935    0.00000500    0.00000500    0.00000500    0.00000500
5881.63576671    0.00000500    0.00000500    0.00000500    0.00000500
5881.75550406    0.00000500    0.00000500    0.00000500    0.00000500
5881.87524141    0.00000500    0.00000500    0.00000500    0.00000500
5881.99497876    0.00000500    0.00000500    0.00000500    0.00000500
5882.11471611    0.00000500    0.00000500    0.00000500    0.00000500
5882.23445346    0.00000500    0.00000500    0.00000500    0.00000500
5882.35419081    0.00000500    0.00000500    0.00000500    0.00000500
5882.47392816    0.00000500    0.00000500    0.00000500    0.00000500
5882.59366551    0.00000600    0.00000500    0.00000500    0.00000800
5882.71340286    0.00000500    0.00000500    0.00000500    0.00000500
5882.83314021    0.00000500    0.00000500    0.00000500    0.00000500
5882.95287756    0.00000600    0.00000500    0.00000800    0.00000500
5883.07261491    0.00000500    0.00000500    0.00000500    0.00000500
5883.19235226    0.00000500    0.00000500    0.00000500    0.00000500
5883.31208961    0.00000500    0.00000500    0.00000500    0.00000500
5883.43182696    0.00000600    0.00000800    0.00000500    0.00000500
5883.55156431    0.00000700    0.00000800    0.00000800    0.00000500
5883.67130166    0.00000600    0.00000500    0.00000500    0.00000800
5883.79103901    0.00000600    0.00000500    0.00000800    0.00000500
5883.91077636    0.00000700    0.00000500    0.00000800    0.00000800
5884.03051371    0.00000600    0.00000500    0.00000500    0.00000800
5884.15025106    0.00000700    0.00000800    0.00000500    0.00000800
5884.26998841    0.00000700    0.00000800    0.00000800    0.00000500
5884.38779452    0.00000800    0.00000800    0.00000800    0.00000800
5884.50753187    0.00000700    0.00000800    0.00000500    0.00000800
5884.62726922    0.00000800    0.00000800    0.00000800    0.00000800
5884.74700657    0.00000800    0.00000800    0.00000800    0.00000800
5884.86674392    0.00000800    0.00000800    0.00000800    0.00000800
5884.98648127    0.00000800    0.00000800    0.00000800    0.00000800
5885.10621862    0.00000967    0.00000800    0.00000800    0.00001300
5885.22595597    0.00000800    0.00000800    0.00000800    0.00000800
5885.34569332    0.00000800    0.00000800    0.00000800    0.00000800
5885.46543067    0.00000800    0.00000800    0.00000800    0.00000800
5885.58516802    0.00000967    0.00000800    0.00000800    0.00001300
5885.70490537    0.00000967    0.00000800    0.00000800    0.00001300
5885.82464272    0.00001300    0.00001300    0.00001300    0.00001300
5885.94438007    0.00000967    0.00001300    0.00000800    0.00000800
5886.06411742    0.00001300    0.00001300    0.00001300    0.00001300
5886.18385477    0.00001300    0.00001300    0.00001300    0.00001300
5886.30359212    0.00001300    0.00001300    0.00001300    0.00001300
5886.42332947    0.00001133    0.00001300    0.00000800    0.00001300
5886.54306682    0.00001300    0.00001300    0.00001300    0.00001300
5886.66280417    0.00001133    0.00001300    0.00000800    0.00001300
5886.78254152    0.00001367    0.00001300    0.00001300    0.00001500
5886.90227887    0.00001300    0.00001300    0.00001300    0.00001300
5887.02201622    0.00001300    0.00001300    0.00001300    0.00001300
5887.14175357    0.00001300    0.00001300    0.00001300    0.00001300
5887.26149092    0.00001500    0.00001500    0.00001500    0.00001500
5887.38122827    0.00001500    0.00001500    0.00001500    0.00001500
5887.50096562    0.00001500    0.00001500    0.00001500    0.00001500
5887.62070297    0.00001600    0.00001800    0.00001500    0.00001500
5887.74044032    0.00001500    0.00001500    0.00001500    0.00001500
5887.86017767    0.00001800    0.00001800    0.00001800    0.00001800
5887.97991503    0.00001800    0.00001800    0.00001800    0.00001800
5888.09965238    0.00001800    0.00001800    0.00001800    0.00001800
5888.21938973    0.00001800    0.00001800    0.00001800    0.00001800
5888.33719583    0.00001867    0.00001800    0.00002000    0.00001800
5888.45693318    0.00001933    0.00001800    0.00002000    0.00002000
5888.57667053    0.00002000    0.00002000    0.00002000    0.00002000
5888.69640788    0.00002500    0.00002500    0.00002500    0.00002500
5888.81614523    0.00002500    0.00002500    0.00002500    0.00002500
5888.93588258    0.00002600    0.00002500    0.00002800    0.00002500
5889.05561993    0.00002800    0.00002800    0.00002800    0.00002800
5889.17535728    0.00002867    0.00002800    0.00002800    0.00003000
5889.29509463    0.00003000    0.00003000    0.00003000    0.00003000
5889.41483198    0.00003100    0.00003000    0.00003000    0.00003300
5889.53456933    0.00003200    0.00003000    0.00003300    0.00003300
5889.65430668    0.00003300    0.00003300    0.00003300    0.00003300
5889.77404403    0.00003800    0.00003800    0.00003800    0.00003800
5889.89378138    0.00003800    0.00003800    0.00003800    0.00003800
5890.01351873    0.00003800    0.00003800    0.00003800    0.00003800
5890.13325608    0.00005000    0.00005000    0.00005000    0.00005000
5890.25299343    0.00005967    0.00006300    0.00005800    0.00005800
5890.37273078    0.00006700    0.00006500    0.00006800    0.00006800
5890.49246813    0.00007600    0.00007500    0.00007500    0.00007800
5890.61220548    0.00008867    0.00008800    0.00009000    0.00008800
5890.73194284    0.00010700    0.00010500    0.00010800    0.00010800
5890.85168019    0.00013200    0.00013000    0.00013300    0.00013300
5890.97141754    0.00015867    0.00015500    0.00015800    0.00016300
5891.09115489    0.00019367    0.00019300    0.00019500    0.00019300
5891.21089224    0.00025433    0.00025000    0.00025500    0.00025800
5891.33062959    0.00030800    0.00030300    0.00030800    0.00031300
5891.45036694    0.00040033    0.00039300    0.00040300    0.00040500
5891.57010429    0.00050267    0.00049500    0.00050500    0.00050800
5891.68984164    0.00062200    0.00061300    0.00062500    0.00062800
5891.80957899    0.00075600    0.00074500    0.00075800    0.00076500
5891.92931634    0.00093533    0.00092300    0.00093500    0.00094800
5892.04905369    0.00113100    0.00111800    0.00113500    0.00114000
5892.16879104    0.00136000    0.00135000    0.00136500    0.00136500
5892.28659714    0.00158767    0.00157800    0.00160000    0.00158500
5892.40633449    0.00184933    0.00183500    0.00184800    0.00186500
5892.52607184    0.00212867    0.00212500    0.00213800    0.00212300
5892.64580919    0.00242700    0.00240500    0.00243800    0.00243800
5892.76554654    0.00274267    0.00272300    0.00274500    0.00276000
5892.88528389    0.00303767    0.00300500    0.00304800    0.00306000
5893.00502124    0.00334367    0.00332000    0.00336800    0.00334300
5893.12475859    0.00362867    0.00360800    0.00363500    0.00364300
5893.24449594    0.00387033    0.00387000    0.00385800    0.00388300
5893.36423329    0.00409033    0.00408500    0.00409300    0.00409300
5893.48397065    0.00427200    0.00428300    0.00424300    0.00429000
5893.60370800    0.00440467    0.00437800    0.00442800    0.00440800
5893.72344535    0.00456867    0.00455800    0.00457800    0.00457000
5893.84318270    0.00466367    0.00466500    0.00467800    0.00464800
5893.96292005    0.00471700    0.00473300    0.00473300    0.00468500
5894.08265740    0.00473133    0.00473300    0.00472800    0.00473300
5894.20239475    0.00472200    0.00474300    0.00470300    0.00472000
5894.32213210    0.00465833    0.00468000    0.00466500    0.00463000
5894.44186945    0.00453767    0.00453500    0.00453500    0.00454300
5894.56160680    0.00440200    0.00440800    0.00438000    0.00441800
5894.68134415    0.00423967    0.00423300    0.00425300    0.00423300
5894.80108150    0.00406767    0.00408000    0.00406500    0.00405800
5894.92081885    0.00385100    0.00384800    0.00385500    0.00385000
5895.04055620    0.00362467    0.00364800    0.00360800    0.00361800
5895.16029355    0.00338033    0.00341000    0.00335800    0.00337300
5895.28003090    0.00315100    0.00318500    0.00313500    0.00313300
5895.39976825    0.00288433    0.00290000    0.00288500    0.00286800
5895.51950560    0.00260100    0.00261300    0.00260500    0.00258500
5895.63924295    0.00233600    0.00235000    0.00234500    0.00231300
5895.75898030    0.00206033    0.00207500    0.00205300    0.00205300
5895.87871765    0.00179533    0.00180300    0.00179500    0.00178800
5895.99845500    0.00154867    0.00156800    0.00154000    0.00153800
5896.11819235    0.00133433    0.00134800    0.00133000    0.00132500
5896.23599846    0.00117433    0.00118000    0.00117500    0.00116800
5896.35573581    0.00099767    0.00101000    0.00099000    0.00099300
5896.47547316    0.00084533    0.00085300    0.00084300    0.00084000
5896.59521051    0.00073700    0.00074300    0.00073800    0.00073000
5896.71494786    0.00065700    0.00066300    0.00065500    0.00065300
5896.83468521    0.00060100    0.00060000    0.00060300    0.00060000
5896.95442256    0.00056700    0.00056800    0.00056800    0.00056500
5897.07415991    0.00057033    0.00056800    0.00056800    0.00057500
5897.19389726    0.00060267    0.00060000    0.00060500    0.00060300
5897.31363461    0.00065000    0.00064500    0.00065000    0.00065500
5897.43337196    0.00073833    0.00073000    0.00074500    0.00074000
5897.55310931    0.00086000    0.00085500    0.00086000    0.00086500
5897.67284666    0.00098600    0.00097500    0.00099000    0.00099300
5897.79258401    0.00111533    0.00110300    0.00111800    0.00112500
5897.91232136    0.00128467    0.00127800    0.00127300    0.00130300
5898.03205871    0.00147267    0.00146000    0.00148000    0.00147800
5898.15179606    0.00166167    0.00165000    0.00167000    0.00166500
5898.27153341    0.00181600    0.00180000    0.00182300    0.00182500
5898.39127076    0.00201200    0.00201000    0.00201300    0.00201300
5898.51100811    0.00221133    0.00220300    0.00220800    0.00222300
5898.63074546    0.00237367    0.00235800    0.00237500    0.00238800
5898.75048281    0.00255267    0.00253500    0.00255500    0.00256800
5898.87022016    0.00269100    0.00268000    0.00269500    0.00269800
5898.98995751    0.00284167    0.00283000    0.00284500    0.00285000
5899.10969486    0.00292767    0.00291800    0.00293000    0.00293500
5899.22943221    0.00302833    0.00303500    0.00302500    0.00302500
5899.34916956    0.00306767    0.00306000    0.00306800    0.00307500
5899.46890691    0.00312533    0.00311000    0.00314300    0.00312300
5899.58864426    0.00314100    0.00311300    0.00315000    0.00316000
5899.70838161    0.00314667    0.00315500    0.00315000    0.00313500
5899.82811896    0.00317200    0.00317300    0.00317500    0.00316800
5899.94785632    0.00312333    0.00311000    0.00313500    0.00312500
5900.06759367    0.00307600    0.00308800    0.00307000    0.00307000
5900.18539977    0.00307033    0.00309800    0.00305500    0.00305800
5900.30513712    0.00296433    0.00296000    0.00297500    0.00295800
5900.42487447    0.00279600    0.00280800    0.00279500    0.00278500
5900.54461182    0.00269533    0.00269800    0.00269300    0.00269500
5900.66434917    0.00252433    0.00253000    0.00252300    0.00252000
5900.78408652    0.00239867    0.00242000    0.00239800    0.00237800
5900.90382387    0.00224867    0.00224000    0.00225800    0.00224800
5901.02356122    0.00206133    0.00207300    0.00206300    0.00204800
5901.14329857    0.00190000    0.00192000    0.00189500    0.00188500
5901.26303592    0.00175633    0.00177300    0.00175800    0.00173800
5901.38277327    0.00160967    0.00162300    0.00161300    0.00159300
5901.50251062    0.00138833    0.00140500    0.00138500    0.00137500
5901.62224797    0.00122533    0.00123500    0.00122800    0.00121300
5901.74198532    0.00106033    0.00106500    0.00105300    0.00106300
5901.86172267    0.00089933    0.00091000    0.00089800    0.00089000
5901.98146002    0.00075500    0.00076500    0.00075000    0.00075000
5902.10119737    0.00062500    0.00063000    0.00062500    0.00062000
5902.22093472    0.00051867    0.00052500    0.00051800    0.00051300
5902.34067207    0.00042133    0.00042800    0.00041800    0.00041800
5902.46040942    0.00033967    0.00034300    0.00033800    0.00033800
5902.58014677    0.00026200    0.00026800    0.00026300    0.00025500
5902.69988413    0.00021033    0.00021800    0.00020800    0.00020500
5902.81962148    0.00016367    0.00016500    0.00016300    0.00016300
5902.93935883    0.00012933    0.00013000    0.00013000    0.00012800
5903.05909618    0.00009433    0.00009500    0.00009500    0.00009300
5903.17883353    0.00007500    0.00007500    0.00007500    0.00007500
5903.29857088    0.00006300    0.00006300    0.00006300    0.00006300
5903.41830823    0.00005000    0.00005000    0.00005000    0.00005000
5903.53804558    0.00004500    0.00004500    0.00004500    0.00004500
5903.65778293    0.00004200    0.00004300    0.00004300    0.00004000
5903.77752028    0.00003800    0.00003800    0.00003800    0.00003800
5903.89725763    0.00003467    0.00003300    0.00003800    0.00003300
5904.01699498    0.00003300    0.00003300    0.00003300    0.00003300
5904.13480108    0.00003000    0.00003000    0.00003000    0.00003000
5904.25453843    0.00003000    0.00003000    0.00003000    0.00003000
5904.37427578    0.00002867    0.00002800    0.00002800    0.00003000
5904.49401313    0.00002800    0.00002800    0.00002800    0.00002800
5904.61375048    0.00002500    0.00002500    0.00002500    0.00002500
5904.73348783    0.00002500    0.00002500    0.00002500    0.00002500
5904.85322518    0.00002500    0.00002500    0.00002500    0.00002500
5904.97296253    0.00002333    0.00002500    0.00002500    0.00002000
5905.09269988    0.00002167    0.00002500    0.00002000    0.00002000
5905.21243723    0.00002100    0.00002000    0.00002500    0.00001800
5905.33217458    0.00002000    0.00002000    0.00002000    0.00002000
5905.45191194    0.00001800    0.00001800    0.00001800    0.00001800
5905.57164929    0.00001867    0.00002000    0.00001800    0.00001800
5905.69138664    0.00001800    0.00001800    0.00001800    0.00001800
5905.81112399    0.00001800    0.00001800    0.00001800    0.00001800
5905.93086134    0.00001800    0.00001800    0.00001800    0.00001800
5906.05059869    0.00001800    0.00001800    0.00001800    0.00001800
5906.17033604    0.00001800    0.00001800    0.00001800    0.00001800
5906.29007339    0.00001500    0.00001500    0.00001500    0.00001500
5906.40981074    0.00001600    0.00001800    0.00001500    0.00001500
5906.52954809    0.00001500    0.00001500    0.00001500    0.00001500
5906.64928544    0.00001500    0.00001500    0.00001500    0.00001500
5906.76902279    0.00001600    0.00001500    0.00001500    0.00001800
5906.88876014    0.00001500    0.00001500    0.00001500    0.00001500
5907.00849749    0.00001367    0.00001500    0.00001300    0.00001300
5907.12823484    0.00001367    0.00001300    0.00001500    0.00001300
5907.24797219    0.00001367    0.00001500    0.00001300    0.00001300
5907.36770954    0.00001433    0.00001300    0.00001500    0.00001500
5907.48744689    0.00001300    0.00001300    0.00001300    0.00001300
5907.60718424    0.00001300    0.00001300    0.00001300    0.00001300
5907.72692159    0.00001300    0.00001300    0.00001300    0.00001300
5907.84665894    0.00001300    0.00001300    0.00001300    0.00001300
5907.96639629    0.00001300    0.00001300    0.00001300    0.00001300
5908.08420239    0.00001300    0.00001300    0.00001300    0.00001300
5908.20393975    0.00001300    0.00001300    0.00001300    0.00001300
5908.32367710    0.00001133    0.00001300    0.00000800    0.00001300
5908.44341445    0.00001300    0.00001300    0.00001300    0.00001300
5908.56315180    0.00001133    0.00001300    0.00001300    0.00000800
5908.68288915    0.00001133    0.00001300    0.00000800    0.00001300
5908.80262650    0.00001133    0.00001300    0.00000800    0.00001300
5908.92236385    0.00001300    0.00001300    0.00001300    0.00001300
5909.04210120    0.00000800    0.00000800    0.00000800    0.00000800
5909.16183855    0.00001300    0.00001300    0.00001300    0.00001300
5909.28157590    0.00001300    0.00001300    0.00001300    0.00001300
5909.40131325    0.00000800    0.00000800    0.00000800    0.00000800
5909.52105060    0.00001300    0.00001300    0.00001300    0.00001300
5909.64078795    0.00001133    0.00001300    0.00000800    0.00001300
5909.76052530    0.00000800    0.00000800    0.00000800    0.00000800
5909.88026265    0.00000967    0.00000800    0.00000800    0.00001300
5910.00000000    0.00000967    0.00001300    0.00000800    0.00000800
