5885.10042487    -0.00000017    0.00000000    -0.00000050    0.00000000
5885.20084975    0.00000017    0.00000000    0.00000000    0.00000050
5885.29934338    0.00000067    0.00000050    0.00000100    0.00000050
5885.39976825    0.00000000    0.00000050    -0.00000000    -0.00000050
5885.50019312    0.00000033    -0.00000050    0.00000050    0.00000100
5885.60061800    0.00000067    0.00000050    0.00000100    0.00000050
5885.69911163    0.00000017    0.00000050    0.00000000    -0.00000000
5885.79953650    0.00000033    0.00000000    0.00000050    0.00000050
5885.89996138    0.00000067    0.00000050    0.00000050    0.00000100
5886.00038625    0.00000117    0.00000150    0.00000100    0.00000100
5886.10081112    0.00000083    0.00000100    0.00000050    0.00000100
5886.19930475    -0.00000017    -0.00000050    0.00000000    0.00000000
5886.29972963    0.00000017    0.00000000    0.00000050    0.00000000
5886.40015450    0.00000000    0.00000000    -0.00000100    0.00000100
5886.50057937    0.00000050    0.00000050    0.00000050    0.00000050
5886.59907300    0.00000083    0.00000100    0.00000100    0.00000050
5886.69949788    0.00000100    0.00000100    0.00000100    0.00000100
5886.79992275    0.00000100    0.00000050    0.00000150    0.00000100
5886.90034762    0.00000100    0.00000150    0.00000100    0.00000050
5887.00077250    0.00000033    0.00000100    0.00000100    -0.00000100
5887.09926613    0.00000000    0.00000050    -0.00000050    0.00000000
5887.19969100    0.00000017    0.00000000    -0.00000050    0.00000100
5887.30011587    0.00000117    0.00000050    0.00000150    0.00000150
5887.40054075    0.00000133    0.00000150    0.00000150    0.00000100
5887.50096562    0.00000083    0.00000100    0.00000050    0.00000100
5887.59945925    0.00000017    0.00000050    0.00000000    0.00000000
5887.69988413    0.00000033    0.00000000    0.00000000    0.00000100
5887.80030900    0.00000083    0.00000050    0.00000100    0.00000100
5887.90073387    0.00000100    0.00000100    0.00000050    0.00000150
5887.99922750    0.00000133    0.00000150    0.00000150    0.00000100
5888.09965238    0.00000083    0.00000100    0.00000100    0.00000050
5888.20007725    0.00000067    0.00000100    0.00000050    0.00000050
5888.30050212    0.00000100    0.00000100    0.00000100    0.00000100
5888.40092700    0.00000183    0.00000150    0.00000250    0.00000150
5888.49942063    0.00000183    0.00000250    0.00000150    0.00000150
5888.59984550    0.00000100    0.00000100    0.00000100    0.00000100
5888.70027037    0.00000133    0.00000050    0.00000100    0.00000250
5888.80069525    0.00000117    0.00000050    0.00000150    0.00000150
5888.89918888    0.00000217    0.00000150    0.00000250    0.00000250
5888.99961375    0.00000217    0.00000150    0.00000250    0.00000250
5889.10003862    0.00000250    0.00000250    0.00000250    0.00000250
5889.20046350    0.00000250    0.00000250    0.00000250    0.00000250
5889.30088837    0.00000250    0.00000250    0.00000250    0.00000250
5889.39938200    0.00000233    0.00000150    0.00000250    0.00000300
5889.49980688    0.00000283    0.00000250    0.00000300    0.00000300
5889.60023175    0.00000300    0.00000300    0.00000300    0.00000300
5889.70065662    0.00000383    0.00000350    0.00000400    0.00000400
5889.79915025    0.00000400    0.00000400    0.00000400    0.00000400
5889.89957513    0.00000467    0.00000500    0.00000500    0.00000400
5890.00000000    0.00000517    0.00000500    0.00000550    0.00000500
5890.10042487    0.00000567    0.00000600    0.00000550    0.00000550
5890.20084975    0.00000683    0.00000650    0.00000650    0.00000750
5890.29934338    0.00000817    0.00000800    0.00000800    0.00000850
5890.39976825    0.00000967    0.00000900    0.00001000    0.00001000
5890.50019312    0.00001117    0.00001100    0.00001150    0.00001100
5890.60061800    0.00001300    0.00001250    0.00001300    0.00001350
5890.69911163    0.00001450    0.00001350    0.00001500    0.00001500
5890.79953650    0.00001600    0.00001550    0.00001600    0.00001650
5890.89996138    0.00001883    0.00001850    0.00001900    0.00001900
5891.00038625    0.00002083    0.00002050    0.00002100    0.00002100
5891.10081112    0.00002350    0.00002350    0.00002350    0.00002350
5891.19930475    0.00002500    0.00002500    0.00002500    0.00002500
5891.29972963    0.00002717    0.00002750    0.00002650    0.00002750
5891.40015450    0.00002933    0.00002850    0.00003050    0.00002900
5891.50057937    0.00003250    0.00003250    0.00003250    0.00003250
5891.59907300    0.00003433    0.00003400    0.00003400    0.00003500
5891.69949788    0.00003800    0.00003750    0.00003800    0.00003850
5891.79992275    0.00004267    0.00004250    0.00004250    0.00004300
5891.90034762    0.00004700    0.00004600    0.00004750    0.00004750
5892.00077250    0.00005117    0.00005100    0.00005150    0.00005100
5892.09926613    0.00005533    0.00005550    0.00005500    0.00005550
5892.19969100    0.00006083    0.00006050    0.00006100    0.00006100
5892.30011587    0.00006617    0.00006600    0.00006600    0.00006650
5892.40054075    0.00007700    0.00007500    0.00007750    0.00007850
5892.50096562    0.00008683    0.00008650    0.00008650    0.00008750
5892.59945925    0.00009583    0.00009500    0.00009600    0.00009650
5892.69988413    0.00011150    0.00011000    0.00011150    0.00011300
5892.80030900    0.00012833    0.00012850    0.00012850    0.00012800
5892.90073387    0.00014717    0.00014550    0.00014800    0.00014800
5892.99922750    0.00017100    0.00016750    0.00017100    0.00017450
5893.09965238    0.00020217    0.00019950    0.00020350    0.00020350
5893.20007725    0.00023983    0.00024050    0.00023800    0.00024100
5893.30050212    0.00027233    0.00026800    0.00027350    0.00027550
5893.40092700    0.00031683    0.00031300    0.00031900    0.00031850
5893.49942063    0.00036483    0.00036300    0.00036900    0.00036250
5893.59984550    0.00044000    0.00043400    0.00044050    0.00044550
5893.70027037    0.00050067    0.00049500    0.00050250    0.00050450
5893.80069525    0.00056317    0.00056100    0.00056350    0.00056500
5893.89918888    0.00062800    0.00061900    0.00063150    0.00063350
5893.99961375    0.00068450    0.00068400    0.00068100    0.00068850
5894.10003862    0.00073750    0.00072850    0.00073900    0.00074500
5894.20046350    0.00077233    0.00077600    0.00077000    0.00077100
5894.30088837    0.00080233    0.00079600    0.00080400    0.00080700
5894.39938200    0.00083200    0.00083850    0.00083200    0.00082550
5894.49980688    0.00084350    0.00083400    0.00084300    0.00085350
5894.60023175    0.00084817    0.00084650    0.00085100    0.00084700
5894.70065662    0.00083700    0.00083900    0.00083300    0.00083900
5894.79915025    0.00081850    0.00081950    0.00081650    0.00081950
5894.89957513    0.00079017    0.00079500    0.00079100    0.00078450
5895.00000000    0.00074783    0.00075150    0.00074600    0.00074600
5895.10042487    0.00070467    0.00070850    0.00070150    0.00070400
5895.20084975    0.00066117    0.00067100    0.00066150    0.00065100
5895.29934338    0.00060183    0.00060350    0.00060000    0.00060200
5895.39976825    0.00054067    0.00054250    0.00054200    0.00053750
5895.50019312    0.00047667    0.00048100    0.00047250    0.00047650
5895.60061800    0.00041667    0.00042000    0.00041800    0.00041200
5895.69911163    0.00035633    0.00036200    0.00035400    0.00035300
5895.79953650    0.00029950    0.00030050    0.00030100    0.00029700
5895.89996138    0.00024233    0.00024450    0.00024050    0.00024200
5896.00038625    0.00019467    0.00019600    0.00019550    0.00019250
5896.10081112    0.00015583    0.00015950    0.00015550    0.00015250
5896.19930475    0.00012400    0.00012500    0.00012350    0.00012350
5896.29972963    0.00009700    0.00009800    0.00009800    0.00009500
5896.40015450    0.00007600    0.00007750    0.00007500    0.00007550
5896.50057937    0.00006167    0.00006150    0.00006250    0.00006100
5896.59907300    0.00005217    0.00005300    0.00005250    0.00005100
5896.69949788    0.00004533    0.00004550    0.00004550    0.00004500
5896.79992275    0.00004067    0.00004100    0.00004100    0.00004000
5896.90034762    0.00003833    0.00003850    0.00003800    0.00003850
5897.00077250    0.00003733    0.00003650    0.00003800    0.00003750
5897.09926613    0.00003700    0.00003750    0.00003750    0.00003600
5897.19969100    0.00003667    0.00003750    0.00003650    0.00003600
5897.30011587    0.00003733    0.00003800    0.00003750    0.00003650
5897.40054075    0.00003917    0.00003850    0.00003900    0.00004000
5897.50096562    0.00004050    0.00004050    0.00004050    0.00004050
5897.59945925    0.00004183    0.00004250    0.00004150    0.00004150
5897.69988413    0.00004400    0.00004400    0.00004400    0.00004400
5897.80030900    0.00004817    0.00004750    0.00004850    0.00004850
5897.90073387    0.00005217    0.00005250    0.00005150    0.00005250
5897.99922750    0.00005600    0.00005600    0.00005650    0.00005550
5898.09965238    0.00006083    0.00006100    0.00006000    0.00006150
5898.20007725    0.00006850    0.00006800    0.00006900    0.00006850
5898.30050212    0.00007767    0.00007750    0.00007800    0.00007750
5898.40092700    0.00008867    0.00008800    0.00008900    0.00008900
5898.49942063    0.00010167    0.00010050    0.00010150    0.00010300
5898.59984550    0.00011733    0.00011650    0.00011800    0.00011750
5898.70027037    0.00013550    0.00013350    0.00013650    0.00013650
5898.80069525    0.00015850    0.00015750    0.00015900    0.00015900
5898.89918888    0.00018167    0.00017950    0.00018050    0.00018500
5898.99961375    0.00021533    0.00021200    0.00021600    0.00021800
5899.10003862    0.00023750    0.00023750    0.00023750    0.00023750
5899.20046350    0.00025433    0.00025200    0.00025500    0.00025600
5899.30088837    0.00028650    0.00028050    0.00028700    0.00029200
5899.39938200    0.00032067    0.00031900    0.00032050    0.00032250
5899.49980688    0.00035983    0.00035200    0.00036000    0.00036750
5899.60023175    0.00039800    0.00039300    0.00040200    0.00039900
5899.70065662    0.00043800    0.00043400    0.00043750    0.00044250
5899.79915025    0.00047567    0.00047200    0.00047750    0.00047750
5899.89957513    0.00048867    0.00049150    0.00048700    0.00048750
5900.00000000    0.00053200    0.00052400    0.00053450    0.00053750
5900.10042487    0.00055683    0.00055350    0.00055600    0.00056100
5900.20084975    0.00056767    0.00056450    0.00056850    0.00057000
5900.29934338    0.00057383    0.00057200    0.00057600    0.00057350
5900.39976825    0.00056867    0.00056900    0.00056750    0.00056950
5900.50019312    0.00055917    0.00056100    0.00056000    0.00055650
5900.60061800    0.00054167    0.00054500    0.00054100    0.00053900
5900.69911163    0.00052150    0.00052350    0.00051750    0.00052350
5900.79953650    0.00049500    0.00049400    0.00049500    0.00049600
5900.89996138    0.00046400    0.00046900    0.00046550    0.00045750
5901.00038625    0.00042950    0.00043450    0.00042650    0.00042750
5901.10081112    0.00039733    0.00039650    0.00039750    0.00039800
5901.19930475    0.00035683    0.00035700    0.00035900    0.00035450
5901.29972963    0.00031017    0.00031450    0.00031050    0.00030550
5901.40015450    0.00026717    0.00027100    0.00026550    0.00026500
5901.50057937    0.00022667    0.00022700    0.00022550    0.00022750
5901.59907300    0.00019083    0.00019350    0.00019050    0.00018850
5901.69949788    0.00015150    0.00015500    0.00015100    0.00014850
5901.79992275    0.00012017    0.00012150    0.00012000    0.00011900
5901.90034762    0.00009217    0.00009250    0.00009250    0.00009150
5902.00077250    0.00006800    0.00007000    0.00006800    0.00006600
5902.09926613    0.00005050    0.00005150    0.00005100    0.00004900
5902.19969100    0.00003800    0.00003850    0.00003800    0.00003750
5902.30011587    0.00002783    0.00002800    0.00002750    0.00002800
5902.40054075    0.00002133    0.00002150    0.00002150    0.00002100
5902.50096562    0.00001717    0.00001750    0.00001750    0.00001650
5902.59945925    0.00001417    0.00001500    0.00001400    0.00001350
5902.69988413    0.00001117    0.00001150    0.00001150    0.00001050
5902.80030900    0.00000850    0.00000850    0.00000850    0.00000850
5902.90073387    0.00000833    0.00000800    0.00000800    0.00000900
5902.99922750    0.00000783    0.00000750    0.00000800    0.00000800
5903.09965238    0.00000750    0.00000750    0.00000750    0.00000750
5903.20007725    0.00000600    0.00000600    0.00000650    0.00000550
5903.30050212    0.00000500    0.00000500    0.00000500    0.00000500
5903.40092700    0.00000483    0.00000400    0.00000550    0.00000500
5903.49942063    0.00000533    0.00000500    0.00000550    0.00000550
5903.59984550    0.00000517    0.00000500    0.00000550    0.00000500
5903.70027037    0.00000383    0.00000400    0.00000400    0.00000350
5903.80069525    0.00000350    0.00000350    0.00000350    0.00000350
5903.89918888    0.00000350    0.00000300    0.00000350    0.00000400
5903.99961375    0.00000417    0.00000350    0.00000500    0.00000400
5904.10003862    0.00000350    0.00000350    0.00000350    0.00000350
5904.20046350    0.00000267    0.00000250    0.00000300    0.00000250
5904.30088837    0.00000300    0.00000250    0.00000300    0.00000350
5904.39938200    0.00000333    0.00000350    0.00000350    0.00000300
5904.49980688    0.00000233    0.00000300    0.00000150    0.00000250
5904.60023175    0.00000250    0.00000250    0.00000250    0.00000250
5904.70065662    0.00000300    0.00000300    0.00000300    0.00000300
5904.79915025    0.00000283    0.00000300    0.00000300    0.00000250
5904.89957513    0.00000150    0.00000150    0.00000150    0.00000150
5905.00000000    0.00000167    0.00000100    0.00000150    0.00000250
5905.10042487    0.00000200    0.00000150    0.00000150    0.00000300
5905.20084975    0.00000267    0.00000250    0.00000300    0.00000250
5905.29934338    0.00000217    0.00000250    0.00000250    0.00000150
5905.39976825    0.00000167    0.00000250    0.00000150    0.00000100
5905.50019312    0.00000083    0.00000100    0.00000050    0.00000100
5905.60061800    0.00000133    0.00000100    0.00000150    0.00000150
5905.69911163    0.00000217    0.00000150    0.00000250    0.00000250
5905.79953650    0.00000183    0.00000250    0.00000150    0.00000150
5905.89996138    0.00000167    0.00000250    0.00000150    0.00000100
5906.00038625    0.00000100    0.00000100    0.00000100    0.00000100
5906.10081112    0.00000083    0.00000050    0.00000100    0.00000100
5906.19930475    0.00000117    0.00000100    0.00000100    0.00000150
5906.29972963    0.00000133    0.00000150    0.00000100    0.00000150
5906.40015450    0.00000133    0.00000150    0.00000150    0.00000100
5906.50057937    0.00000083    0.00000150    0.00000050    0.00000050
5906.59907300    0.00000050    0.00000050    -0.00000000    0.00000100
5906.69949788    0.00000083    0.00000000    0.00000150    0.00000100
5906.79992275    0.00000133    0.00000100    0.00000150    0.00000150
5906.90034762    0.00000117    0.00000150    0.00000100    0.00000100
5907.00077250    0.00000050    0.00000050    0.00000050    0.00000050
5907.09926613    0.00000050    0.00000000    0.00000050    0.00000100
5907.19969100    0.00000117    0.00000100    0.00000100    0.00000150
5907.30011587    0.00000117    0.00000150    0.00000100    0.00000100
5907.40054075    0.00000067    0.00000100    0.00000050    0.00000050
5907.50096562    0.00000050    0.00000000    0.00000050    0.00000100
5907.59945925    0.00000100    0.00000100    0.00000100    0.00000100
5907.69988413    0.00000083    0.00000100    0.00000100    0.00000050
5907.80030900    0.00000017    0.00000000    0.00000000    0.00000050
5907.90073387    0.00000017    -0.00000100    0.00000050    0.00000100
5907.99922750    0.00000083    0.00000050    0.00000100    0.00000100
5908.09965238    0.00000100    0.00000100    0.00000100    0.00000100
5908.20007725    0.00000050    0.00000100    0.00000100    -0.00000050
5908.30050212    -0.00000017    0.00000050    -0.00000050    -0.00000050
5908.40092700    0.00000050    0.00000000    0.00000100    0.00000050
5908.49942063    0.00000117    0.00000100    0.00000150    0.00000100
5908.59984550    0.00000067    0.00000100    0.00000100    0.00000000
5908.70027037    -0.00000017    0.00000000    -0.00000100    0.00000050
5908.80069525    0.00000033    0.00000000    0.00000000    0.00000100
5908.89918888    0.00000083    0.00000100    0.00000050    0.00000100
5908.99961375    0.00000083    0.00000100    0.00000100    0.00000050
5909.10003862    -0.00000050    -0.00000050    -0.00000100    0.00000000
5909.20046350    0.00000033    0.00000000    0.00000050    0.00000050
5909.30088837    0.00000083    0.00000050    0.00000100    0.00000100
5909.39938200    0.00000000    0.00000050    0.00000000    -0.00000050
5909.49980688    0.00000017    0.00000000    -0.00000050    0.00000100
5909.60023175    0.00000083    0.00000100    0.00000050    0.00000100
5909.70065662    0.00000050    0.00000100    0.00000050    0.00000000
5909.79915025    -0.00000017    -0.00000100    0.00000050    0.00000000
5909.89957513    0.00000083    0.00000050    0.00000100    0.00000100
5910.00000000    0.00000017    0.00000050    0.00000050    -0.00000050
