5850.24913094    -0.00000100    0.00000000    -0.00000300    -0.00000000
5850.96176130    -0.00000367    -0.00000500    -0.00000300    -0.00000300
5851.67439166    -0.00000267    0.00000000    -0.00000300    -0.00000500
5852.38702202    -0.00000300    -0.00000300    -0.00000300    -0.00000300
5853.09965238    -0.00000300    -0.00000300    -0.00000300    -0.00000300
5853.81035149    -0.00000333    0.00000000    -0.00000500    -0.00000500
5854.52298185    0.00000000    0.00000000    0.00000000    0.00000000
5855.23561221    0.00000000    0.00000000    0.00000000    0.00000000
5855.94824256    -0.00000200    -0.00000300    0.00000000    -0.00000300
5856.65894168    -0.00000100    0.00000000    0.00000000    -0.00000300
5857.37157204    -0.00000200    -0.00000300    0.00000000    -0.00000300
5858.08420239    -0.00000100    -0.00000300    0.00000000    0.00000000
5858.79683275    0.00000000    0.00000000    0.00000000    0.00000000
5859.50753187    -0.00000100    0.00000000    -0.00000300    0.00000000
5860.22016222    -0.00000100    0.00000000    0.00000000    -0.00000300
5860.93279258    0.00000000    0.00000000    0.00000000    0.00000000
5861.64542294    0.00000000    0.00000000    0.00000000    0.00000000
5862.35805330    -0.00000100    -0.00000300    0.00000000    0.00000000
5863.06875241    0.00000000    0.00000000    0.00000000    0.00000000
5863.78138277    0.00000000    0.00000000    0.00000000    0.00000000
5864.49401313    0.00000100    0.00000000    0.00000300    0.00000000
5865.20664349    0.00000000    0.00000000    0.00000000    0.00000000
5865.91734260    0.00000000    0.00000000    0.00000000    0.00000000
5866.62997296    0.00000000    0.00000000    0.00000000    0.00000000
5867.34260332    0.00000100    0.00000000    0.00000300    0.00000000
5868.05523368    0.00000000    0.00000000    0.00000000    0.00000000
5868.76593279    0.00000000    0.00000000    0.00000000    0.00000000
5869.47856315    0.00000000    0.00000000    0.00000000    0.00000000
5870.19119351    0.00000100    0.00000000    0.00000000    0.00000300
5870.90382387    0.00000100    0.00000000    0.00000300    0.00000000
5871.61645423    0.00000100    0.00000000    0.00000300    0.00000000
5872.32715334    0.00000000    0.00000000    0.00000000    0.00000000
5873.03978370    0.00000200    0.00000000    0.00000300    0.00000300
5873.75241406    0.00000200    0.00000300    0.00000300    0.00000000
5874.46504442    0.00000300    0.00000300    0.00000300    0.00000300
5875.17574353    0.00000300    0.00000300    0.00000300    0.00000300
5875.88837389    0.00000200    0.00000300    0.00000000    0.00000300
5876.60100425    0.00000300    0.00000300    0.00000300    0.00000300
5877.31363461    0.00000300    0.00000300    0.00000300    0.00000300
5878.02433372    0.00000300    0.00000300    0.00000300    0.00000300
5878.73696408    0.00000433    0.00000500    0.00000300    0.00000500
5879.44959444    0.00000500    0.00000500    0.00000500    0.00000500
5880.16222480    0.00000500    0.00000500    0.00000500    0.00000500
5880.87485516    0.00000433    0.00000300    0.00000500    0.00000500
5881.58555427    0.00000500    0.00000500    0.00000500    0.00000500
5882.29818463    0.00000500    0.00000500    0.00000500    0.00000500
5883.01081499    0.00000500    0.00000500    0.00000500    0.00000500
5883.72344535    0.00000500    0.00000500    0.00000500    0.00000500
5884.43414446    0.00000800    0.00000800    0.00000800    0.00000800
5885.14677482    0.00000800    0.00000800    0.00000800    0.00000800
5885.85940518    0.00000800    0.00000800    0.00000800    0.00000800
5886.57203553    0.00001300    0.00001300    0.00001300    0.00001300
5887.28273465    0.00001300    0.00001300    0.00001300    0.00001300
5887.99536501    0.00001700    0.00001500    0.00001800    0.00001800
5888.70799537    0.00002167    0.00002500    0.00002000    0.00002000
5889.42062572    0.00003000    0.00003000    0.00003000    0.00003000
5890.13325608    0.00005267    0.00005000    0.00005300    0.00005500
5890.84395520    0.00012467    0.00011800    0.00012800    0.00012800
5891.55658555    0.00047133    0.00044300    0.00047800    0.00049300
5892.26921591    0.00145700    0.00139300    0.00145000    0.00152800
5892.98184627    0.00309433    0.00296000    0.00313000    0.00319300
5893.69254538    0.00434100    0.00432000    0.00433500    0.00436800
5894.40517574    0.00448200    0.00450300    0.00447800    0.00446500
5895.11780610    0.00344533    0.00353000    0.00341800    0.00338800
5895.83043646    0.00192700    0.00199800    0.00195800    0.00182500
5896.54113557    0.00082533    0.00088500    0.00076800    0.00082300
5897.25376593    0.00061700    0.00061800    0.00060800    0.00062500
5897.96639629    0.00132533    0.00128000    0.00135300    0.00134300
5898.67902665    0.00238433    0.00232500    0.00242000    0.00240800
5899.39165701    0.00297267    0.00294800    0.00298500    0.00298500
5900.10235612    0.00290667    0.00293000    0.00290500    0.00288500
5900.81498648    0.00221967    0.00226300    0.00219800    0.00219800
5901.52761684    0.00125267    0.00131300    0.00125500    0.00119000
5902.24024720    0.00048867    0.00051800    0.00048000    0.00046800
5902.95094631    0.00011033    0.00012000    0.00011800    0.00009300
5903.66357667    0.00003933    0.00004000    0.00004000    0.00003800
5904.37620703    0.00002667    0.00002500    0.00003000    0.00002500
5905.08883739    0.00002500    0.00002500    0.00002500    0.00002500
5905.79953650    0.00001700    0.00001800    0.00001800    0.00001500
5906.51216686    0.00001600    0.00001500    0.00001500    0.00001800
5907.22479722    0.00001433    0.00001300    0.00001500    0.00001500
5907.93742758    0.00001300    0.00001300    0.00001300    0.00001300
5908.65005794    0.00001300    0.00001300    0.00001300    0.00001300
5909.36075705    0.00001300    0.00001300    0.00001300    0.00001300
5910.07338741    0.00000800    0.00000800    0.00000800    0.00000800
5910.78601777    0.00000800    0.00000800    0.00000800    0.00000800
5911.49864813    0.00000700    0.00000800    0.00000800    0.00000500
5912.20934724    0.00000600    0.00000800    0.00000500    0.00000500
5912.92197760    0.00000500    0.00000500    0.00000500    0.00000500
5913.63460796    0.00000500    0.00000500    0.00000500    0.00000500
5914.34723832    0.00000500    0.00000500    0.00000500    0.00000500
5915.05793743    0.00000500    0.00000500    0.00000500    0.00000500
5915.77056779    0.00000500    0.00000500    0.00000500    0.00000500
5916.48319815    0.00000300    0.00000300    0.00000300    0.00000300
5917.19582851    0.00000367    0.00000500    0.00000300    0.00000300
5917.90845886    0.00000433    0.00000300    0.00000500    0.00000500
5918.61915798    0.00000300    0.00000300    0.00000300    0.00000300
5919.33178834    0.00000300    0.00000300    0.00000300    0.00000300
5920.04441869    0.00000300    0.00000300    0.00000300    0.00000300
5920.75704905    0.00000300    0.00000300    0.00000300    0.00000300
5921.46774817    0.00000300    0.00000300    0.00000300    0.00000300
5922.18037852    0.00000300    0.00000300    0.00000300    0.00000300
5922.89300888    0.00000200    0.00000300    0.00000300    0.00000000
5923.60563924    0.00000300    0.00000300    0.00000300    0.00000300
5924.31633835    0.00000200    0.00000000    0.00000300    0.00000300
5925.02896871    0.00000300    0.00000300    0.00000300    0.00000300
5925.74159907    0.00000300    0.00000300    0.00000300    0.00000300
5926.45422943    0.00000200    0.00000300    0.00000000    0.00000300
5927.16685979    0.00000100    0.00000000    0.00000000    0.00000300
5927.87755890    0.00000200    0.00000000    0.00000300    0.00000300
5928.59018926    0.00000200    0.00000000    0.00000300    0.00000300
5929.30281962    0.00000200    0.00000000    0.00000300    0.00000300
5930.01544998    0.00000000    0.00000000    0.00000000    0.00000000
5930.72614909    0.00000000    0.00000000    0.00000000    0.00000000
5931.43877945    0.00000000    0.00000000    0.00000000    0.00000000
5932.15140981    0.00000200    0.00000000    0.00000300    0.00000300
5932.86404017    0.00000000    0.00000000    0.00000000    0.00000000
5933.57473928    0.00000000    0.00000000    0.00000000    0.00000000
5934.28736964    -0.00000200    -0.00000300    0.00000000    -0.00000300
5935.00000000    -0.00000100    0.00000000    0.00000000    -0.00000300
