5880.00000000    -0.00000170    -0.00000150    -0.00000180    -0.00000180
5880.30320587    -0.00000170    -0.00000180    -0.00000150    -0.00000180
5880.60641174    -0.00000147    -0.00000130    -0.00000180    -0.00000130
5880.90961761    -0.00000147    -0.00000180    -0.00000130    -0.00000130
5881.21282348    -0.00000160    -0.00000150    -0.00000180    -0.00000150
5881.51602935    -0.00000137    -0.00000180    -0.00000150    -0.00000080
5881.81730398    -0.00000153    -0.00000150    -0.00000130    -0.00000180
5882.12050985    -0.00000177    -0.00000180    -0.00000200    -0.00000150
5882.42371572    -0.00000147    -0.00000180    -0.00000130    -0.00000130
5882.72692159    -0.00000163    -0.00000130    -0.00000180    -0.00000180
5883.03012746    -0.00000170    -0.00000200    -0.00000130    -0.00000180
5883.33333333    -0.00000153    -0.00000150    -0.00000130    -0.00000180
5883.63653920    -0.00000127    -0.00000150    -0.00000150    -0.00000080
5883.93974508    -0.00000167    -0.00000200    -0.00000150    -0.00000150
5884.24295095    -0.00000143    -0.00000130    -0.00000150    -0.00000150
5884.54615682    -0.00000137    -0.00000080    -0.00000180    -0.00000150
5884.84936269    -0.00000137    -0.00000130    -0.00000150    -0.00000130
5885.15063731    -0.00000137    -0.00000150    -0.00000130    -0.00000130
5885.45384318    -0.00000120    -0.00000130    -0.00000080    -0.00000150
5885.75704905    -0.00000153    -0.00000150    -0.00000180    -0.00000130
5886.06025492    -0.00000127    -0.00000150    -0.00000150    -0.00000080
5886.36346080    -0.00000120    -0.00000150    -0.00000080    -0.00000130
5886.66666667    -0.00000130    -0.00000130    -0.00000130    -0.00000130
5886.96987254    -0.00000137    -0.00000130    -0.00000130    -0.00000150
5887.27307841    -0.00000137    -0.00000130    -0.00000130    -0.00000150
5887.57628428    -0.00000087    -0.00000080    -0.00000130    -0.00000050
5887.87949015    -0.00000070    -0.00000130    -0.00000050    -0.00000030
5888.18269602    -0.00000063    -0.00000030    -0.00000080    -0.00000080
5888.48397065    -0.00000097    -0.00000080    -0.00000130    -0.00000080
5888.78717652    -0.00000047    -0.00000080    -0.00000030    -0.00000030
5889.09038239    -0.00000037    -0.00000030    0.00000000    -0.00000080
5889.39358826    -0.00000043    -0.00000030    -0.00000050    -0.00000050
5889.69679413    -0.00000010    0.00000000    -0.00000030    0.00000000
5890.00000000    0.00000063    0.00000030    0.00000080    0.00000080
5890.30320587    0.00000143    0.00000130    0.00000150    0.00000150
5890.60641174    0.00000210    0.00000180    0.00000200    0.00000250
5890.90961761    0.00000527    0.00000500    0.00000500    0.00000580
5891.21282348    0.00001447    0.00001380    0.00001430    0.00001530
5891.51602935    0.00002970    0.00002830    0.00003030    0.00003050
5891.81730398    0.00005270    0.00005130    0.00005280    0.00005400
5892.12050985    0.00008133    0.00007900    0.00008150    0.00008350
5892.42371572    0.00011817    0.00011550    0.00011850    0.00012050
5892.72692159    0.00015753    0.00015480    0.00015850    0.00015930
5893.03012746    0.00020177    0.00019830    0.00020250    0.00020450
5893.33333333    0.00026160    0.00025750    0.00026250    0.00026480
5893.63653920    0.00030700    0.00030500    0.00030750    0.00030850
5893.93974508    0.00031320    0.00031330    0.00031330    0.00031300
5894.24295095    0.00025410    0.00026080    0.00025300    0.00024850
5894.54615682    0.00014953    0.00015730    0.00014780    0.00014350
5894.84936269    0.00007853    0.00008230    0.00007750    0.00007580
5895.15063731    0.00005203    0.00005330    0.00005200    0.00005080
5895.45384318    0.00003887    0.00003950    0.00003880    0.00003830
5895.75704905    0.00002660    0.00002750    0.00002650    0.00002580
5896.06025492    0.00001483    0.00001550    0.00001450    0.00001450
5896.36346080    0.00000700    0.00000700    0.00000700    0.00000700
5896.66666667    0.00000830    0.00000780    0.00000830    0.00000880
5896.96987254    0.00001610    0.00001550    0.00001630    0.00001650
5897.27307841    0.00002977    0.00002880    0.00003000    0.00003050
5897.57628428    0.00004603    0.00004500    0.00004630    0.00004680
5897.87949015    0.00006727    0.00006550    0.00006750    0.00006880
5898.18269602    0.00009227    0.00009050    0.00009250    0.00009380
5898.48397065    0.00011903    0.00011680    0.00011980    0.00012050
5898.78717652    0.00015660    0.00015350    0.00015730    0.00015900
5899.09038239    0.00019477    0.00019150    0.00019580    0.00019700
5899.39358826    0.00021793    0.00021700    0.00021830    0.00021850
5899.69679413    0.00021703    0.00021780    0.00021700    0.00021630
5900.00000000    0.00019737    0.00019980    0.00019700    0.00019530
5900.30320587    0.00011330    0.00012730    0.00010980    0.00010280
5900.60641174    0.00005467    0.00005750    0.00005400    0.00005250
5900.90961761    0.00003627    0.00003750    0.00003630    0.00003500
5901.21282348    0.00002687    0.00002750    0.00002680    0.00002630
5901.51602935    0.00001877    0.00001950    0.00001880    0.00001800
5901.81730398    0.00001097    0.00001180    0.00001080    0.00001030
5902.12050985    0.00000353    0.00000400    0.00000330    0.00000330
5902.42371572    0.00000070    0.00000050    0.00000080    0.00000080
5902.72692159    -0.00000010    0.00000000    -0.00000030    0.00000000
5903.03012746    -0.00000017    -0.00000050    -0.00000000    0.00000000
5903.33333333    -0.00000063    -0.00000080    -0.00000030    -0.00000080
5903.63653920    -0.00000063    -0.00000030    -0.00000080    -0.00000080
5903.93974508    -0.00000097    -0.00000080    -0.00000130    -0.00000080
5904.24295095    -0.00000097    -0.00000080    -0.00000080    -0.00000130
5904.54615682    -0.00000113    -0.00000080    -0.00000130    -0.00000130
5904.84936269    -0.00000120    -0.00000150    -0.00000080    -0.00000130
5905.15063731    -0.00000113    -0.00000130    -0.00000130    -0.00000080
5905.45384318    -0.00000113    -0.00000130    -0.00000080    -0.00000130
5905.75704905    -0.00000137    -0.00000180    -0.00000150    -0.00000080
5906.06025492    -0.00000137    -0.00000130    -0.00000150    -0.00000130
5906.36346080    -0.00000143    -0.00000150    -0.00000130    -0.00000150
5906.66666667    -0.00000120    -0.00000150    -0.00000080    -0.00000130
5906.96987254    -0.00000130    -0.00000130    -0.00000130    -0.00000130
5907.27307841    -0.00000137    -0.00000130    -0.00000150    -0.00000130
5907.57628428    -0.00000130    -0.00000080    -0.00000180    -0.00000130
5907.87949015    -0.00000137    -0.00000130    -0.00000150    -0.00000130
5908.18269602    -0.00000137    -0.00000150    -0.00000130    -0.00000130
5908.48397065    -0.00000127    -0.00000150    -0.00000080    -0.00000150
5908.78717652    -0.00000143    -0.00000150    -0.00000130    -0.00000150
5909.09038239    -0.00000160    -0.00000150    -0.00000180    -0.00000150
5909.39358826    -0.00000103    -0.00000080    -0.00000150    -0.00000080
5909.69679413    -0.00000150    -0.00000150    -0.00000150    -0.00000150
5910.00000000    -0.00000143    -0.00000150    -0.00000150    -0.00000130
